69
1
9000
10 1
64
2 1 8
3 0 2 9
3 1 3 10
3 2 4 11
3 3 5 12
3 4 6 13
3 5 7 14
2 6 15
3 9 16 0
4 8 10 17 1
4 9 11 18 2
4 10 12 19 3
4 11 13 20 4
4 12 14 21 5
4 13 15 22 6
2 14 23 7
3 17 24 8
4 16 18 25 9
4 17 19 26 10
4 18 20 27 11
4 19 21 28 12
4 20 22 29 13
4 21 23 30 14
2 22 31 15
3 25 32 16
4 24 26 33 17
4 25 27 34 18
4 26 28 35 19
4 27 29 36 20
4 28 30 37 21
4 29 31 38 22
2 30 39 23
3 33 40 24
4 32 34 41 25
4 33 35 42 26
4 34 36 43 27
4 35 37 44 28
4 36 38 45 29
4 37 39 46 30
2 38 47 31
3 41 48 32
4 40 42 49 33
4 41 43 50 34
4 42 44 51 35
4 43 45 52 36
4 44 46 53 37
4 45 47 54 38
2 46 55 39
3 49 56 40
4 48 50 57 41
4 49 51 58 42
4 50 52 59 43
4 51 53 60 44
4 52 54 61 45
4 53 55 62 46
2 54 63 47
2 57 48
3 56 58 49
3 57 59 50
3 58 60 51
3 59 61 52
3 60 62 53
3 61 63 54
2 62 55
500 500
0
0
0
0
0
0
0
0
0
6 25 6 28 24 29 22 39 39 55 43 44 16
0
0
0
0
0
0
0
0
0
0
0
0
0
0
0
0
0
0
0
0
0
0
8 29 22 1 13 49 7 18 1 28 48 17 8 4 55 14 47
0
0
0
0
0
0
0
0
0
0
0
0
0
0
0
0
8 36 57 44 5 23 28 7 54 35 61 59 12 12 44 42 10
0
0
0
0
0
0
0
0
0
0
0
0
0
0
0
0
0
0
0
0
0
0
0
0
0
0
0
0
0
0
0
0
0
0
0
0
5 40 36 28 54 24 21 37 45 58 48
0
2 51 52 27 58
0
5 54 17 8 53 59 26 43 41 36 12
0
0
0
0
0
0
0
0
0
0
0
0
0
1 27 52
0
0
0
0
0
0
0
2 18 15 62 25
0
0
0
0
8 25 51 46 20 15 59 31 40 35 29 8 57 60 44 20 31
6 57 1 31 40 58 41 36 45 19 56 47 18
0
0
0
0
0
0
0
0
0
0
0
0
0
0
0
0
0
0
0
0
0
0
0
8 39 11 62 55 33 33 33 11 46 54 19 42 48 53 15 42
3 2 53 48 59 15 63
0
0
0
0
0
0
0
0
5 7 5 14 23 43 52 5 23 9 22
0
0
0
0
0
0
0
0
0
0
0
0
0
0
0
0
0
0
0
9 13 1 14 21 30 8 10 18 37 4 2 32 44 17 50 51 15 19
0
0
0
1 3 62
0
0
0
0
5 60 53 23 25 16 14 2 25 44 2
0
0
0
0
0
0
1 21 18
0
0
0
0
0
0
0
0
0
0
0
0
2 55 33 42 16
0
0
0
0
0
0
0
0
0
0
0
0
0
0
0
0
6 37 47 59 32 18 44 48 1 40 63 19 42
0
0
0
0
0
0
0
0
0
0
0
0
0
0
0
0
0
0
0
2 5 52 32 14
0
0
0
0
0
0
9 48 4 5 5 37 20 1 61 12 46 36 54 6 58 18 53 22 19
0
0
0
0
0
0
0
0
0
0
0
0
0
0
0
0
0
0
0
0
0
0
0
0
0
0
0
0
4 22 25 10 29 59 45 61 7
0
0
0
0
0
0
0
0
0
0
0
0
0
0
0
0
0
0
0
0
0
0
0
0
4 5 45 56 33 58 61 10 40
0
0
0
0
0
0
0
0
8 23 2 48 57 14 23 45 17 18 18 27 25 1 11 31 23
9 18 9 29 18 39 44 23 62 38 18 57 32 59 63 24 23 29 37
0
0
0
2 56 37 34 60
0
0
0
0
0
0
0
0
0
0
0
2 1 48 9 59
0
0
0
0
0
0
0
0
0
0
0
0
0
0
0
0
0
9 53 22 53 62 8 42 16 24 57 19 61 22 53 15 29 16 63 57
0
0
0
0
0
0
0
8 40 41 49 5 51 27 43 30 49 6 35 51 28 28 43 59
0
0
0
0
0
0
4 28 14 40 18 31 57 41 13
0
0
0
0
0
0
0
0
0
0
0
0
8 19 54 34 25 21 22 43 53 41 27 44 35 26 18 44 62
7 52 43 59 6 59 6 25 1 24 12 33 22 3 43
0
4 1 59 14 26 54 45 45 42
5 31 45 54 4 63 47 9 22 4 34
0
0
0
0
0
0
0
0
0
0
0
7 13 54 58 5 61 33 56 16 18 29 24 32 28 49
0
0
0
0
0
0
0
0
0
0
0
0
0
0
6 41 21 7 19 54 35 43 45 49 35 23 26
0
0
0
0
0
0
0
0
0
0
0
0
0
0
0
0
0
7 51 29 58 38 36 29 60 56 15 4 6 41 54 41
0
0
0
0
0
9 43 11 43 59 10 42 41 10 31 38 37 8 33 6 41 53 52 50
0
0
0
0
0
5 28 41 32 4 48 21 15 59 8 30
0
0
0
8 63 22 17 10 4 46 46 53 45 23 6 6 22 62 63 44
0
0
0
0
0
0
0
0
0
0
0
0
0
0
0
0
0
0
0
0
0
0
0
0
0
0
0
0
0
0
0
0
0
0
0
0
0
3 16 59 28 38 62 40
0
2 6 55 11 48
0
0
0
0
0
0
0
0
0
0
0
0
0
0
0
0
0
0
0
0
0
0
0