261
1
70000
6 4
256
2 1 20
2 0 21
2 22 3
2 2 23
2 16 5
2 4 17
3 19 7 18
2 19 6
2 9 28
2 29 8
2 30 11
2 31 10
2 13 24
3 12 25 24
2 15 26
2 14 27
2 19 4
2 45 5
2 46 6
3 6 7 16
2 40 0
2 22 1
2 2 21
2 43 3
3 12 36 13
2 26 13
2 25 14
2 15 39
2 31 8
2 33 9
2 34 10
2 28 11
2 33 52
2 32 29
2 30 35
2 55 34
2 37 24
3 48 36 49
2 39 50
2 38 27
2 20 41
2 61 40
2 43 62
2 23 42
2 56 45
3 63 17 44
2 18 47
2 59 46
3 92 49 37
2 37 48
2 38 51
2 50 53
2 53 32
2 51 52
2 55 90
2 35 54
2 44 57
3 56 84 63
2 59 86
2 58 47
2 80 61
2 60 41
3 81 63 42
3 45 62 57
3 124 65 87
3 64 85 123
2 86 67
3 87 124 66
2 69 80
3 81 122 68
2 71 122
2 70 83
2 73 92
3 93 116 72
2 75 118
2 74 95
3 112 91 77
2 76 89
3 79 90 91
2 91 78
2 68 60
3 62 69 82
2 81 83
2 71 82
3 85 57 87
2 65 84
2 58 66
3 67 64 84
2 91 89
2 88 77
2 54 78
4 79 76 78 88
2 72 48
2 94 73
2 95 93
2 75 94
2 116 172
2 117 98
3 99 173 97
2 98 119
2 103 101
2 100 113
2 106 114
2 100 115
2 107 105
2 125 104
2 126 102
2 104 127
2 160 120
2 110 121
3 111 163 109
2 123 110
2 113 76
2 112 101
2 115 102
2 103 114
3 117 96 73
2 116 97
2 119 74
2 118 99
2 108 121
2 120 109
3 69 70 123
3 111 65 122
3 125 67 64
2 105 124
2 127 106
2 107 126
2 129 188
2 128 149
2 131 150
3 130 151 190
2 133 144
2 132 145
3 135 145 186
2 147 134
2 156 137
2 136 157
2 182 139
2 138 159
2 141 176
2 140 153
2 154 143
2 142 155
2 252 132
3 134 146 133
2 145 147
2 135 146
2 149 151
2 129 148
2 130 250
2 131 148
2 153 155
2 152 141
3 142 246 250
2 143 152
2 240 136
2 137 158
2 159 157
2 139 158
2 108 180
3 181 180 162
3 163 183 161
3 162 110 183
3 165 179 167
2 177 164
2 170 178
2 164 179
2 171 169
2 168 189
2 166 190
2 168 191
2 184 96
4 174 185 98 186
2 175 173
2 187 174
2 177 140
2 176 165
2 166 179
3 178 167 164
3 181 160 161
2 161 180
2 183 138
3 162 182 163
2 172 185
2 173 184
3 187 134 173
2 186 175
2 189 128
2 188 169
3 170 131 191
2 171 190
2 193 212
2 213 192
2 214 195
2 215 194
2 208 197
2 196 209
2 199 210
3 211 198 210
2 201 220
2 200 221
2 203 222
3 220 202 223
2 216 205
2 204 217
2 207 218
2 219 206
2 211 196
2 197 237
3 198 238 199
2 199 208
2 192 232
2 193 214
2 194 213
2 235 195
2 204 228
2 218 205
3 217 229 206
3 207 230 231
4 203 227 200 223
2 225 201
3 227 226 202
2 220 203
2 225 244
2 221 224
2 227 222
4 247 222 220 226
2 216 229
4 228 241 218 240
3 231 242 219
2 219 230
2 233 212
2 232 253
2 235 254
2 234 215
2 237 248
3 255 236 209
2 239 210
3 250 251 238
3 241 156 229
2 229 240
2 243 230
2 242 245
2 245 224
2 243 244
2 154 247
2 227 246
2 249 236
2 248 255
4 251 239 150 154
2 239 250
2 253 144
2 252 233
2 255 234
3 254 249 237
1000 2140
0
0
0
0
0
0
0
0
0
0
0
0
0
0
0
0
0
0
0
0
0
0
0
0
0
0
0
0
0
0
0
0
0
0
0
0
0
0
0
0
0
0
0
0
0
0
0
0
0
0
1 246 207
0
0
0
0
1 100 228
0
0
0
0
0
0
0
0
0
0
0
0
0
0
0
0
0
0
0
0
0
0
0
0
0
0
0
0
0
0
0
0
0
0
0
1 44 113
0
0
0
0
0
0
0
0
0
1 220 168
0
0
1 13 104
0
0
0
0
0
0
0
0
0
0
0
0
1 151 186
0
0
0
0
0
0
0
0
0
0
0
0
0
0
0
0
0
0
0
0
0
0
0
0
0
0
0
0
0
0
0
0
0
0
0
0
0
0
0
0
0
0
0
0
0
1 184 158
0
0
0
0
0
0
0
0
0
0
0
0
0
0
0
0
0
0
0
0
1 179 2
1 30 203
0
0
0
1 6 129
0
0
0
0
1 84 104
0
0
0
0
0
0
0
0
0
0
0
0
0
0
0
0
0
0
0
0
0
0
0
0
0
0
0
0
0
0
0
1 147 217
0
0
0
0
0
0
0
0
0
0
0
0
0
0
0
0
0
0
1 9 136
0
0
0
0
0
0
0
1 225 180
0
0
0
0
0
0
0
0
0
0
0
0
0
0
0
0
0
0
0
0
0
0
0
0
0
0
0
0
0
0
0
0
0
0
0
0
0
0
0
0
0
0
0
0
0
0
0
0
1 5 126
0
0
0
0
0
0
0
1 204 159
0
0
0
0
0
0
0
0
0
0
0
0
0
0
0
0
0
0
0
0
0
0
0
0
0
0
1 2 254
0
0
0
0
0
0
0
0
0
0
0
0
0
0
0
0
0
0
0
0
0
0
0
0
0
0
0
0
0
0
0
0
0
0
0
0
0
0
0
1 170 195
0
0
0
0
0
0
0
0
0
0
0
0
0
0
0
0
0
0
0
0
0
0
0
0
0
0
0
0
0
0
0
0
0
0
1 163 192
0
0
0
0
0
0
0
0
0
0
0
1 240 119
0
0
0
0
0
0
0
0
0
0
0
0
0
0
0
0
0
0
0
0
0
0
0
0
0
0
0
0
0
0
0
0
0
1 253 198
0
0
0
0
0
0
0
0
0
0
0
0
0
0
0
0
0
0
0
0
0
0
0
0
0
0
1 92 251
1 57 217
0
0
1 58 131
0
0
0
0
0
0
0
0
0
0
0
0
0
0
0
1 158 116
0
1 67 90
0
0
0
0
0
0
0
0
0
0
1 168 196
0
0
0
0
0
0
0
0
0
0
0
0
0
0
0
0
0
0
0
0
0
0
0
0
0
0
0
1 81 7
0
0
0
0
0
0
0
1 173 85
0
0
1 113 154
0
0
0
0
0
0
0
0
0
0
0
0
0
1 217 244
0
0
0
0
0
0
0
0
0
0
0
0
0
0
0
0
0
0
0
0
0
1 20 195
1 80 145
0
0
0
0
0
0
0
0
0
0
0
0
0
0
0
0
0
0
0
0
0
0
0
0
0
0
0
0
0
0
0
0
0
0
0
0
0
0
0
0
0
0
2 107 20 115 46
0
0
0
0
0
0
0
0
0
0
0
0
0
0
0
0
0
0
0
0
0
1 170 67
0
0
0
0
0
0
0
0
0
0
0
0
0
0
0
0
0
0
0
0
0
1 182 95
0
0
0
0
0
0
0
0
0
0
0
1 194 120
0
0
0
0
0
0
0
0
0
0
0
0
0
0
0
0
0
0
0
0
0
0
0
0
0
0
0
0
0
0
0
0
0
0
0
0
0
0
0
0
0
0
0
0
1 7 119
0
0
0
0
1 59 31
0
0
0
0
0
0
0
0
0
0
0
0
0
1 110 143
0
1 65 187
0
0
0
0
0
0
0
0
0
0
0
0
0
0
0
0
0
0
0
0
0
1 146 149
0
0
0
0
0
0
0
0
0
0
0
0
0
0
0
0
0
0
0
0
0
0
0
0
0
0
0
0
1 132 74
0
0
0
0
1 141 53
1 37 230
0
1 104 155
0
0
0
0
0
0
0
0
0
0
1 89 123
0
0
0
0
0
0
0
0
0
0
0
0
0
0
0
0
0
0
0
0
0
0
0
0
0
0
0
0
0
0
0
0
0
0
0
0
1 144 1
0
0
0
0
0
0
0
0
1 204 74
0
0
0
0
0
0
0
0
0
0
0
0
1 1 81
0
0
0
0
0
0
0
0
0
0
0
0
0
0
0
0
0
0
0
0
0
0
0
0
0
0
1 179 202
0
0
0
0
0
0
0
1 168 130
0
0
0
0
0
0
0
0
0
0
0
0
0
0
0
0
0
0
0
0
0
0
0
0
0
0
0
0
0
0
0
0
0
0
0
0
0
2 217 140 30 37
0
0
0
0
0
0
0
0
0
0
0
0
0
0
0
0
0
0
0
0
0
0
0
0
0
0
0
0
0
0
0
1 223 237
0
0
0
0
0
0
0
0
0
0
0
0
0
0
0
0
0
0
0
0
0
0
0
0
0
0
0
0
0
0
0
0
0
0
0
0
0
0
0
0
0
0
0
0
0
0
0
0
0
0
0
0
0
0
0
0
0
0
0
0
0
0
0
0
0
0
0
0
0
0
0
0
0
0
0
0
0
0
0
0
0
0
0
0
0
0
0
0
0
0
0
0
0
0
0
0
0
0
0
0
0
0
0
0
0
0
0
0
0
0
0
0
0
0
0
0
0
0
0
0
0
0
0
0
0
0
0
0
0
0
0
0
0
0
0
0
0
0
0
0
0
0
0
0
0
0
0
0
0
0
0
0
0
0
0
0
0
0
0
0
0
0
0
0
0
0
0
0
0
0
0
0
0
0
0
0
0
0
0
0
0
0
1 136 5
0
0
0
0
0
0
0
0
0
0
0
0
0
0
1 243 60
0
0
0
0
0
1 209 25
0
0
0
0
0
0
0
2 15 176 228 170
0
0
0
0
0
0
0
1 250 146
0
0
0
0
0
0
0
0
0
0
0
0
0
0
0
0
0
0
0
0
0
0
0
0
0
0
0
0
1 6 33
0
0
0
0
0
0
0
0
0
0
0
0
0
0
0
0
0
0
0
0
0
0
0
1 190 163
0
0
0
0
0
0
0
0
0
0
0
0
0
0
0
0
0
0
0
0
0
0
0
0
0
0
1 109 16
0
0
0
0
0
0
0
0
0
0
0
0
0
0
0
0
0
0
0
0
0
0
0
0
0
0
1 209 110
0
0
0
0
1 103 120
0
0
1 255 2
0
0
0
0
0
0
0
0
0
0
0
0
0
0
0
0
0
0
0
0
0
1 138 150
0
0
0
0
0
0
0
0
0
0
0
0
0
1 165 44
2 22 79 187 46
0
0
0
0
0
0
0
0
0
0
0
0
0
0
0
0
0
0
0
0
0
0
0
0
0
0
0
0
0
1 73 0
0
0
0
0
0
0
0
0
0
0
0
0
0
0
0
0
0
0
0
0
0
0
0
0
0
0
0
0
0
0
0
0
0
0
0
0
0
0
0
0
0
1 216 108
0
0
0
0
0
0
1 54 204
0
0
0
0
0
0
0
0
0
0
0
0
0
0
0
2 112 105 190 113
0
0
0
0
0
0
0
0
0
0
0
0
0
0
0
0
0
0
0
1 182 79
0
0
0
0
0
0
0
0
0
0
0
0
0
0
0
0
0
0
0
0
0
0
0
0
0
0
0
0
0
0
0
0
0
0
0
0
0
0
0
0
0
0
0
0
0
0
0
0
0
0
0
0
0
0
0
0
1 48 149
0
0
0
0
0
0
0
0
0
0
0
0
0
0
0
0
0
0
0
0
0
0
0
0
0
0
0
0
0
0
0
0
0
0
0
1 144 3
0
0
0
1 236 239
0
0
0
0
0
0
0
0
0
0
1 166 148
0
0
0
0
0
0
0
0
0
0
0
0
0
0
0
0
0
0
0
0
0
0
0
0
0
0
0
0
0
0
0
0
0
0
0
1 37 31
0
0
0
0
0
0
0
0
0
0
0
0
0
0
0
0
0
0
0
0
0
0
0
0
0
0
0
0
0
0
0
0
0
0
0
0
0
0
0
0
0
0
0
0
0
0
0
0
0
0
0
0
0
0
0
0
0
0
0
0
0
0
0
1 117 109
0
0
0
0
0
0
0
0
0
0
0
0
0
0
0
0
0
0
0
0
0
0
0
0
0
0
0
0
0
0
0
0
1 161 29
0
0
1 174 81
0
1 156 48
0
0
0
0
0
0
0
0
0
0
0
0
0
0
0
0
0
0
0
0
0
0
0
0
0
0
0
0
0
0
0
0
0
0
0
0
0
0
0
0
0
0
0
0
0
0
0
0
0
0
0
0
0
0
0
0
0
0
0
0
0
0
0
0
0
0
0
0
0
0
0
0
0
0
0
0
0
0
0
0
0
0
0
0
0
0
0
0
0
0
0
0
0
0
0
0
0
0
1 146 200
0
0
0
1 146 246
0
0
0
0
0
0
0
0
0
0
0
0
0
0
1 32 230
0
1 13 152
0
0
0
0
0
0
0
0
0
0
0
0
0
0
0
0
0
0
0
0
0
0
0
0
0
0
0
0
0
0
0
0
0
0
0
0
0
1 121 252
0
0
0
0
0
0
0
0
0
0
0
0
0
0
0
0
0
0
0
0
0
0
0
0
0
0
0
0
0
0
0
0
0
0
0
0
0
0
0
0
0
0
0
0
0
0
0
0
0
1 20 62
0
0
0
0
1 71 144
0
0
0
0
0
0
0
0
0
0
0
0
0
1 147 170
0
0
0
0
0
0
0
0
0
0
0
0
0
0
0
0
0
0
0
0
0
0
0
0
0
0
0
0
0
0
0
0
0
0
0
0
0
0
0
0
1 2 48
0
0
0
0
0
0
0
0
0
0
0
0
0
0
0
0
0
0
0
0
0
0
0
0
0
0
0
0
0
0
0
0
0
0
0
0
0
0
0
0
1 56 33
0
0
0
0
0
0
0
0
0
0
0
0
0
0
0
0
0
0
0
0
0
0
0
0
0
0
0
0
0
0
0
0
0
0
0
0
0
0
0
0
0
0
0
0
0
0
0
0
0
0
1 37 198
0
0
0
0
0
0
0
0
0
0
0
0
0
0
0
0
0
0
0
0
1 70 139
0
0
0
0
0
0
0
0
1 23 239
0
0
0
0
0
0
0
0
0
0
0
0
0
0
0
0
0
0
0
0
0
0
0
