261
0.5
16000
2 4
256
2 1 22
5 0 23 2 40 21
2 1 41
1 23
3 45 23 5
4 17 22 4 19
1 10
1 19
1 28
2 31 29
3 35 6 11
2 10 31
1 24
2 36 14
3 29 13 26
1 27
3 17 43 46
4 63 45 5 16
2 46 19
3 5 7 18
1 21
3 41 20 1
4 42 5 40 0
5 1 43 4 3 57
2 12 36
1 37
2 14 27
3 15 26 29
2 8 29
5 33 14 27 28 9
2 58 31
4 35 11 30 9
2 33 35
4 53 32 29 39
3 59 91 35
4 10 31 34 32
3 48 24 13
2 49 25
2 53 39
3 38 33 89
3 22 1 41
5 42 40 61 21 2
3 22 41 43
7 16 82 63 61 23 45 42
1 45
4 44 4 17 43
4 58 16 55 18
3 54 86 59
2 36 49
3 50 37 48
2 49 51
3 77 50 53
3 53 95 90
6 89 52 51 38 76 33
3 90 66 47
2 46 91
3 86 67 84
3 87 85 23
4 30 67 46 59
4 47 58 34 87
1 61
4 43 81 60 41
2 63 69
4 83 43 17 62
6 105 65 84 86 67 124
2 87 64
5 84 102 67 126 54
7 58 64 106 56 104 87 66
1 80
3 121 62 81
1 71
3 84 70 83
1 92
1 93
2 75 99
3 88 74 77
6 88 77 79 112 53 90
7 76 94 51 89 113 99 75
1 79
6 76 115 91 102 100 78
2 81 68
4 61 69 122 80
3 83 121 43
4 85 82 71 63
5 71 64 85 66 56
3 83 84 57
4 56 90 47 64
5 65 59 67 57 124
2 76 75
4 53 39 77 95
5 76 86 91 52 54
4 34 79 90 55
2 93 72
3 73 94 92
4 119 95 93 77
3 52 89 94
3 116 118 97
5 96 98 184 173 117
5 113 97 174 99 187
6 74 98 117 175 77 119
6 101 119 112 103 79 168
2 174 100
5 66 170 79 114 112
2 188 100
4 67 105 179 107
6 64 165 104 111 125 122
2 67 126
3 104 167 127
1 120
1 110
3 111 122 109
4 177 110 163 105
3 102 76 100
3 77 98 119
3 102 115 126
2 79 114
1 96
2 99 97
2 119 96
6 94 118 113 169 99 100
2 108 121
4 162 69 120 82
3 81 105 110
1 125
3 87 167 64
2 105 123
4 106 114 127 66
3 126 164 107
6 169 129 148 147 188 187
3 146 128 135
6 142 179 190 131 246 150
2 130 170
2 184 144
2 185 145
2 135 146
4 134 188 129 147
2 137 180
5 138 181 183 157 136
5 158 137 153 139 177
3 159 183 138
3 143 141 152
2 140 164
5 176 191 143 130 154
3 142 140 155
2 252 132
1 133
2 129 134
3 128 135 255
5 250 149 248 151 128
2 188 148
2 130 239
2 148 190
1 140
3 159 138 224
1 142
2 143 176
2 240 157
3 137 156 241
1 138
5 153 139 243 244 177
1 180
1 181
2 163 121
3 183 111 162
3 127 167 141
2 105 179
1 170
4 124 107 164 179
5 100 171 188 187 169
3 128 168 119
4 131 166 102 190
1 168
2 184 173
3 185 97 172
2 98 101
1 99
3 179 142 155
4 111 138 183 159
1 190
5 165 104 167 130 176
2 160 136
2 161 137
1 183
5 182 137 163 139 177
3 97 132 172
3 133 186 173
1 185
4 98 168 128 189
6 168 149 135 189 103 128
2 187 188
5 130 191 178 170 151
2 142 190
1 193
2 192 213
2 214 195
1 194
3 197 208 199
1 196
4 208 239 199 202
2 198 196
2 220 201
1 200
2 198 238
2 224 223
2 218 216
3 206 230 217
2 229 205
2 219 220
4 198 251 196 236
1 237
1 238
1 239
1 213
3 212 193 233
4 215 234 253 194
2 233 214
3 204 241 228
3 205 218 229
2 217 204
2 207 221
4 221 223 200 207
3 244 219 220
1 226
4 238 220 203 227
3 227 153 203
3 231 245 242
2 222 246
4 247 223 224 250
3 240 216 242
4 206 217 230 241
4 205 240 229 245
1 225
2 233 254
4 215 213 232 234
4 249 214 254 233
2 255 253
3 208 237 248
2 209 236
4 202 210 250 223
4 211 251 150 198
3 156 228 230
4 157 242 229 216
3 241 228 225
1 159
4 159 221 245 247
3 244 225 230
4 250 247 226 130
3 227 246 244
4 249 236 148 251
2 248 234
5 227 238 251 148 246
4 208 250 248 239
1 144
3 214 254 235
4 234 232 255 253
3 235 147 254
1000 2032
0
0
0
0
0
0
0
0
0
0
0
0
0
0
0
0
0
0
0
0
1 71 255
0
0
0
0
0
0
0
0
0
0
0
0
0
0
0
0
0
0
0
0
0
0
0
0
0
0
0
0
1 35 55
0
0
0
0
0
0
0
0
1 97 232
0
0
0
0
0
0
0
0
0
0
0
1 172 98
0
0
0
0
0
0
0
0
0
0
0
0
0
0
0
0
0
0
0
0
0
0
0
1 242 148
1 89 178
0
0
0
0
0
0
1 137 176
0
0
0
0
0
1 12 152
0
0
0
0
0
1 42 29
0
0
0
0
0
0
0
0
0
0
0
0
0
0
0
0
0
0
0
0
1 57 9
0
0
0
0
0
0
0
0
0
0
0
0
0
0
0
0
0
0
0
0
0
0
0
0
0
1 248 123
0
0
0
0
0
0
1 106 98
0
0
0
0
0
0
0
0
0
0
0
0
0
0
0
0
0
0
0
0
0
0
0
0
0
0
0
0
0
0
0
0
0
0
0
0
0
0
1 34 112
0
0
0
0
0
0
0
0
0
0
0
0
0
1 121 46
0
0
0
0
0
0
0
0
0
0
0
0
0
0
0
0
0
1 251 177
0
0
0
0
0
0
0
0
0
0
0
0
0
0
0
0
0
0
0
1 17 105
0
0
0
0
0
0
0
0
0
0
0
0
0
0
0
0
0
0
0
0
0
0
0
0
0
0
0
0
0
0
0
0
0
1 72 103
0
0
0
0
1 150 97
1 131 45
1 161 107
0
0
0
0
0
0
0
0
0
0
0
0
0
1 41 39
0
0
0
0
0
0
0
0
0
0
0
0
0
0
1 106 158
0
0
0
0
0
0
0
0
0
0
0
0
0
0
0
0
0
0
0
0
0
0
0
0
0
0
0
0
0
0
0
0
0
0
0
1 70 221
0
0
0
0
0
0
0
0
0
0
0
0
0
0
0
1 83 54
0
0
0
0
0
0
0
0
1 160 51
0
0
0
0
1 47 77
0
0
0
0
0
0
0
0
0
0
0
0
0
0
0
0
0
0
0
0
0
0
0
0
0
0
0
0
0
0
0
0
0
1 185 44
0
0
0
0
0
0
0
0
0
0
0
0
0
0
0
0
0
0
0
0
0
0
0
0
0
0
0
0
0
0
1 174 215
0
0
0
0
0
0
0
0
0
0
0
0
0
0
0
0
0
0
0
0
0
0
0
0
0
0
0
0
0
0
0
0
0
0
0
0
0
0
0
0
0
0
0
0
0
0
0
0
1 207 133
0
0
0
0
0
0
0
0
0
0
0
0
0
0
0
0
0
0
0
0
0
0
0
0
0
0
0
0
0
0
0
0
0
0
0
0
0
0
0
0
0
0
0
0
0
0
0
0
0
0
0
0
0
0
0
0
0
0
0
0
0
0
0
0
0
0
1 78 224
0
0
0
0
0
0
0
0
0
0
0
0
0
0
0
0
0
0
0
0
0
0
0
0
0
0
1 48 184
1 203 166
0
0
0
0
0
0
0
0
0
1 180 40
0
0
0
0
0
0
0
0
0
0
0
0
0
0
0
0
0
0
0
0
0
0
0
0
0
0
0
0
0
0
0
0
0
0
0
0
0
0
0
0
0
0
0
0
0
0
0
0
0
0
0
0
0
0
1 72 35
1 170 216
0
0
0
0
1 252 11
1 140 20
0
0
0
0
0
0
0
0
0
0
0
0
0
0
1 78 114
0
0
0
0
0
0
0
0
0
0
0
0
0
0
0
0
0
0
0
0
0
0
0
0
0
0
0
0
0
0
0
0
0
0
1 237 193
0
0
0
0
0
0
0
0
0
1 161 77
0
1 13 96
0
0
0
0
0
0
0
0
0
0
0
0
0
0
0
0
0
0
0
0
0
0
0
0
0
0
0
0
0
0
0
0
0
0
0
0
0
0
0
0
0
0
0
0
0
0
0
0
0
0
0
1 80 156
0
0
0
0
0
0
0
1 242 55
0
0
0
0
0
0
0
0
0
0
0
0
0
0
0
0
0
0
0
0
0
1 244 76
0
0
0
0
0
0
0
0
0
0
0
1 134 189
0
0
0
0
0
0
0
1 179 110
0
0
0
0
0
0
0
0
0
0
0
0
0
0
0
0
0
1 163 18
0
0
0
0
0
0
0
1 161 18
0
0
0
0
0
1 79 61
0
0
0
0
0
0
0
0
1 12 65
0
0
0
0
0
0
0
0
0
0
0
0
0
0
0
0
0
0
0
0
0
0
0
0
2 222 188 25 188
0
0
0
0
0
0
0
0
0
0
0
0
0
0
0
0
0
0
0
0
0
0
0
0
0
0
0
0
0
0
0
0
0
1 27 36
0
0
0
0
0
0
0
0
0
0
0
0
1 178 167
0
0
0
0
0
0
0
1 168 204
0
0
0
0
0
0
0
0
0
0
0
0
0
0
0
0
0
0
0
0
0
0
0
0
0
0
0
0
0
1 56 5
0
0
0
0
0
0
0
0
0
0
0
0
0
0
0
0
0
0
0
0
0
0
0
0
0
0
0
0
0
0
0
0
0
0
0
0
0
0
0
0
0
0
0
0
0
0
0
0
0
0
0
0
0
0
1 60 56
0
0
0
0
0
1 203 229
0
0
0
0
0
0
0
0
0
0
0
0
0
0
0
0
0
0
0
0
0
0
0
0
0
0
0
0
0
0
0
0
0
0
0
0
0
0
0
0
0
0
1 52 197
0
0
1 134 21
0
0
1 14 182
0
0
0
0
0
0
0
0
0
0
0
0
0
0
0
0
0
0
0
0
0
0
0
0
0
0
0
0
0
0
0
0
0
0
0
0
0
0
0
0
0
0
0
0
0
0
0
0
0
0
0
0
0
0
0
0
0
0
0
0
0
0
0
0
1 189 9
0
0
0
0
0
0
0
0
0
0
0
0
0
0
0
0
0
0
0
0
0
0
0
0
0
0
0
0
0
0
0
0
0
0
0
0
0
0
0
0
0
0
0
0
0
1 149 171
0
0
0
0
0
0
0
0
0
0
0
0
0
0
0
0
0
0
0
0
0
0
0
0
0
0
0
0
0
0
0
0
0
0
0
0
0
0
0
0
0
0
0
1 232 177
0
0
0
0
0
0
0
0
0
0
0
0
0
0
0
0
0
0
0
0
0
0
0
0
0
0
0
0
0
0
0
0
0
0
0
0
0
0
0
0
0
0
0
0
0
0
0
1 210 45
0
0
0
0
0
0
0
0
0
0
0
0
0
0
1 0 72
0
0
0
0
0
0
0
0
0
0
0
0
0
0
0
0
0
0
0
0
0
0
0
0
0
0
0
0
0
0
0
0
0
0
0
0
1 49 19
0
0
0
0
1 95 7
0
0
0
1 125 52
0
0
0
0
0
0
0
0
0
0
0
0
0
0
0
0
0
0
0
0
0
0
0
0
0
0
0
0
0
1 103 11
0
0
0
0
0
0
0
0
0
1 91 186
0
0
0
0
0
0
0
0
0
0
0
0
1 66 36
0
1 87 245
0
0
0
0
0
0
0
0
0
0
0
0
0
0
0
0
0
0
0
0
0
0
0
0
0
0
0
0
0
0
0
0
0
0
0
1 41 160
0
0
1 89 251
0
0
0
0
0
0
0
0
0
0
0
0
0
0
0
0
0
0
1 236 8
0
0
0
0
0
0
0
0
0
0
0
0
0
0
0
0
0
1 149 226
0
0
0
1 108 144
0
0
0
0
0
0
0
0
0
0
0
0
0
1 30 151
0
0
0
0
0
0
0
0
0
0
0
0
0
0
0
0
0
0
0
0
0
0
0
0
0
0
0
0
0
0
0
0
0
0
0
0
0
0
0
1 243 85
0
0
0
0
0
0
0
0
0
0
0
1 154 151
0
0
0
0
0
1 229 163
0
0
0
0
0
0
0
0
0
0
0
0
0
0
0
0
0
0
0
0
1 202 227
0
0
0
0
0
0
0
0
0
0
0
0
0
0
0
0
0
0
0
0
0
0
0
0
0
0
0
0
0
0
0
0
1 55 80
0
0
0
0
0
0
0
0
1 252 182
0
0
0
1 30 221
0
0
0
0
0
0
0
0
0
0
0
0
0
0
0
0
0
0
0
1 247 32
0
0
0
0
0
0
0
0
0
0
0
0
0
0
0
0
0
0
0
0
0
0
0
0
0
0
0
0
0
0
0
0
0
0
0
0
0
0
0
0
0
0
0
0
0
0
0
0
0
0
0
0
0
0
0
0
0
0
0
0
0
0
0
1 202 144
0
0
1 207 5
0
0
0
0
0
0
0
0
0
0
0
0
0
0
0
0
0
0
0
0
0
0
0
0
0
0
0
0
0
1 138 170
0
0
0
0
0
0
0
0
0
0
0
0
0
0
0
0
0
0
0
0
0
0
0
0
0
0
0
0
0
0
0
0
0
0
0
0
0
0
0
0
0
0
0
0
0
0
0
0
0
0
0
0
0
0
0
0
0
0
0
0
0
0
0
0
0
0
0
1 118 234
0
0
0
0
0
0
1 50 76
0
0
0
0
0
0
0
0
0
0
0
0
0
0
0
0
0
0
0
0
0
0
0
0
0
1 224 165
0
0
0
0
0
0
0
0
0
0
0
0
0
0
0
0
0
0
0
0
0
0
0
0
0
0
0
0
0
0
0
1 43 235
0
0
0
0
0
0
0
0
0
0
0
0
1 246 83
0
0
0
0
1 0 70
0
0
0
0
0
0
0
0
0
0
0
0
0
0
0
0
0
0
0
0
0
0
0
0
0
0
0
0
0
0
0
0
0
0
0
0
0
0
0
0
0
0
0
0
0
0
0
0
1 117 240
0
0
0
0
0
0
0
0
0
0
0
0
0
0
0
0
0
0
0
0
0
1 250 116
0
0
0
0
0
0
0
0
0
0
0
0
0
1 142 136
0
0
0
0
0
0
0
0
1 118 128
0
0
0
0
0
0
0
0
0
0
0
0
0
0
0
0
0
0
0
0
0
0
0
0
0
0
0
0
0
0
