261
0.5
16000
2 1
256
2 22 1
5 21 2 0 40 23
2 41 1
1 23
3 45 5 23
4 4 22 17 19
1 10
1 19
1 28
2 31 29
3 35 6 11
2 10 31
1 24
2 36 14
3 26 29 13
1 27
3 46 17 43
4 63 16 5 45
2 46 19
3 5 7 18
1 21
3 41 20 1
4 5 42 40 0
5 3 4 1 43 57
2 12 36
1 37
2 14 27
3 15 26 29
2 8 29
5 27 14 9 28 33
2 58 31
4 35 11 30 9
2 35 33
4 32 53 39 29
3 35 91 59
4 34 31 32 10
3 48 13 24
2 25 49
2 53 39
3 89 33 38
3 1 22 41
5 42 40 21 61 2
3 43 41 22
7 45 82 16 61 63 23 42
1 45
4 44 4 17 43
4 55 58 18 16
3 54 59 86
2 49 36
3 37 50 48
2 51 49
3 53 50 77
3 95 90 53
6 52 51 89 38 33 76
3 90 66 47
2 46 91
3 86 84 67
3 85 23 87
4 30 59 46 67
4 87 58 47 34
1 61
4 81 43 60 41
2 63 69
4 62 83 43 17
6 67 105 86 124 65 84
2 87 64
5 84 67 102 54 126
7 104 106 66 87 58 64 56
1 80
3 121 81 62
1 71
3 83 84 70
1 92
1 93
2 75 99
3 74 88 77
6 112 77 79 90 88 53
7 94 75 89 113 99 76 51
1 79
6 91 100 115 78 102 76
2 81 68
4 80 69 122 61
3 43 83 121
4 82 63 85 71
5 64 66 56 85 71
3 57 83 84
4 56 47 64 90
5 57 59 124 65 67
2 75 76
4 53 95 39 77
5 76 91 54 52 86
4 90 34 55 79
2 93 72
3 73 94 92
4 93 119 77 95
3 94 89 52
3 116 118 97
5 184 96 117 98 173
5 174 113 187 99 97
6 77 119 98 117 175 74
6 112 103 119 101 168 79
2 174 100
5 66 170 114 112 79
2 188 100
4 107 67 105 179
6 64 122 104 111 165 125
2 126 67
3 167 104 127
1 120
1 110
3 109 111 122
4 163 110 105 177
3 100 76 102
3 119 77 98
3 115 102 126
2 114 79
1 96
2 97 99
2 96 119
6 113 99 100 94 118 169
2 108 121
4 69 120 162 82
3 81 110 105
1 125
3 64 87 167
2 105 123
4 66 106 114 127
3 164 126 107
6 148 187 147 188 129 169
3 146 135 128
6 179 142 246 150 190 131
2 170 130
2 184 144
2 145 185
2 135 146
4 147 129 188 134
2 137 180
5 138 181 136 183 157
5 139 158 137 153 177
3 159 183 138
3 141 152 143
2 140 164
5 143 176 191 130 154
3 140 142 155
2 132 252
1 133
2 129 134
3 135 255 128
5 149 248 250 128 151
2 148 188
2 239 130
2 148 190
1 140
3 138 159 224
1 142
2 176 143
2 240 157
3 137 156 241
1 138
5 153 139 177 243 244
1 180
1 181
2 121 163
3 111 183 162
3 127 167 141
2 179 105
1 170
4 124 164 179 107
5 171 100 187 169 188
3 119 168 128
4 131 166 102 190
1 168
2 184 173
3 97 172 185
2 101 98
1 99
3 142 179 155
4 111 138 183 159
1 190
5 130 165 176 104 167
2 160 136
2 161 137
1 183
5 177 163 139 182 137
3 132 97 172
3 173 186 133
1 185
4 98 189 168 128
6 189 135 128 103 149 168
2 187 188
5 151 130 191 170 178
2 190 142
1 193
2 192 213
2 195 214
1 194
3 197 208 199
1 196
4 202 239 208 199
2 198 196
2 220 201
1 200
2 198 238
2 224 223
2 216 218
3 230 206 217
2 205 229
2 219 220
4 198 236 251 196
1 237
1 238
1 239
1 213
3 233 193 212
4 234 215 194 253
2 233 214
3 228 204 241
3 229 218 205
2 204 217
2 207 221
4 223 207 200 221
3 244 219 220
1 226
4 238 203 227 220
3 227 203 153
3 242 231 245
2 222 246
4 247 223 250 224
3 240 216 242
4 217 206 241 230
4 240 205 245 229
1 225
2 254 233
4 234 232 215 213
4 233 214 254 249
2 253 255
3 237 208 248
2 209 236
4 202 223 210 250
4 150 211 198 251
3 228 230 156
4 157 216 229 242
3 241 225 228
1 159
4 221 247 159 245
3 244 230 225
4 247 250 226 130
3 246 244 227
4 148 249 236 251
2 234 248
5 148 227 238 251 246
4 239 208 250 248
1 144
3 235 254 214
4 232 255 234 253
3 147 235 254
1000 2032
0
0
0
0
0
0
0
0
0
0
0
0
0
0
0
0
0
0
0
0
0
0
0
0
0
0
0
0
0
0
0
0
0
0
0
0
0
0
0
0
0
0
0
0
0
0
0
0
0
0
0
0
0
0
0
0
0
0
0
0
0
0
0
0
0
0
0
0
1 76 179
0
0
0
0
0
0
0
0
0
1 76 114
0
0
0
0
0
0
0
0
0
0
0
0
0
0
0
0
1 76 178
0
0
0
0
0
1 64 206
0
0
0
0
0
0
0
0
0
0
1 140 238
0
1 140 29
0
0
0
0
0
0
0
0
0
0
0
0
0
0
0
0
0
0
0
0
0
0
0
0
0
0
0
0
0
0
0
0
0
0
0
0
0
0
1 128 179
1 140 38
0
0
0
0
0
0
0
0
0
0
0
0
0
0
0
0
0
0
0
0
0
0
0
0
0
0
0
0
0
0
0
0
0
0
0
0
0
0
0
0
0
0
0
0
0
0
0
0
0
0
0
0
0
1 64 228
0
0
0
0
0
0
0
0
0
0
0
0
0
0
0
0
0
0
0
0
0
0
0
0
0
0
0
0
0
0
0
0
0
0
0
0
0
0
0
0
0
0
0
0
0
0
0
0
0
0
0
0
0
0
0
0
0
0
0
0
0
0
0
0
0
0
0
0
0
0
0
0
0
0
0
0
0
0
0
1 76 55
0
0
0
0
0
0
0
0
0
0
0
0
0
0
1 64 162
0
0
0
0
0
0
0
0
0
0
0
0
0
0
0
0
0
0
1 64 138
0
0
0
0
0
0
0
0
0
0
0
0
0
0
0
0
0
0
0
0
0
0
0
0
0
0
0
0
0
0
0
0
0
0
0
0
0
0
0
0
0
0
0
0
0
0
0
0
1 128 51
0
0
0
0
0
0
0
0
0
0
0
0
0
0
0
0
0
0
1 64 51
0
0
0
0
0
0
0
0
0
0
1 140 250
0
0
0
0
0
0
0
0
0
0
1 128 221
0
0
0
0
0
0
0
0
0
0
0
0
0
0
0
0
1 76 44
0
0
0
0
1 76 15
0
0
0
0
0
0
0
0
0
0
0
0
0
0
1 140 237
0
0
0
0
0
0
0
0
1 76 149
0
0
0
1 64 142
0
0
0
0
0
0
0
0
0
0
0
0
0
1 64 254
0
0
0
0
0
0
0
0
0
0
0
0
0
0
0
0
0
0
0
0
0
0
0
0
0
0
0
0
0
0
0
0
0
0
0
1 76 156
0
0
0
1 64 89
0
0
0
0
0
0
0
0
0
0
0
0
0
0
0
0
0
0
0
0
0
0
0
0
0
0
0
0
0
0
0
0
0
0
0
0
0
0
0
0
0
0
0
0
0
0
0
0
0
0
0
0
0
0
0
0
0
0
0
0
0
0
0
0
0
1 64 37
1 76 247
0
0
0
0
0
0
0
0
0
0
0
0
0
0
0
0
0
0
1 64 202
0
0
0
0
0
0
0
0
0
0
0
0
0
1 128 31
0
1 140 34
0
0
0
0
0
0
0
0
0
0
0
0
0
1 128 200
0
0
0
0
1 76 133
0
0
0
0
0
0
0
0
0
0
0
0
0
0
0
0
0
0
0
0
0
0
0
0
0
0
0
0
0
0
0
0
0
0
0
0
0
0
0
0
0
0
0
0
0
0
0
0
0
0
0
0
0
0
0
0
1 140 23
0
0
0
0
0
0
0
0
0
0
0
0
0
0
0
0
0
0
0
0
0
0
0
0
0
0
0
0
0
0
0
0
0
0
0
0
0
0
0
0
1 128 237
0
0
1 76 96
0
0
0
0
1 64 245
1 64 26
0
0
0
0
0
0
1 76 174
0
0
0
0
0
0
0
0
0
1 140 55
0
0
0
0
0
0
0
0
0
0
0
0
0
0
0
0
0
0
0
0
0
0
0
0
0
0
1 64 242
0
0
0
0
0
0
0
0
0
1 140 55
0
0
0
0
0
0
0
0
0
0
0
0
0
0
1 128 115
0
0
0
0
0
0
0
0
0
1 128 89
0
0
0
0
0
0
0
0
0
0
0
0
1 64 221
0
0
0
0
0
0
0
0
1 128 79
0
1 76 225
0
0
0
0
0
0
0
0
1 140 11
0
0
0
0
0
0
0
0
0
0
0
0
0
0
0
0
0
0
0
0
1 140 197
0
0
0
0
0
0
0
0
0
0
1 140 41
0
0
0
0
0
0
0
0
0
0
0
0
0
0
0
0
0
0
0
0
0
0
0
0
0
0
0
0
0
0
0
0
0
0
0
1 140 37
0
0
0
0
0
0
0
0
0
0
0
0
0
0
0
0
0
0
0
0
0
0
0
0
0
0
0
0
0
0
0
0
0
0
0
0
0
0
0
0
0
0
0
0
0
0
0
1 76 123
0
0
0
0
0
0
0
0
0
0
0
1 128 175
0
0
0
0
0
0
0
0
0
0
0
0
0
0
0
0
0
0
0
0
0
0
0
0
0
0
0
0
0
0
0
0
0
0
0
0
0
0
0
0
0
0
0
0
0
0
0
0
0
0
0
1 64 170
0
0
0
0
0
0
0
0
0
0
0
0
0
0
0
0
0
0
0
0
0
0
0
0
0
0
0
0
0
0
0
0
0
0
0
0
0
0
0
0
1 64 52
0
0
0
0
0
0
0
0
0
0
0
0
0
0
0
0
0
0
0
0
0
0
0
0
2 140 242 128 0
0
0
0
0
0
0
0
0
0
0
0
0
0
0
0
0
0
0
0
0
0
0
0
0
0
0
1 64 131
0
0
0
0
0
0
0
0
0
0
0
0
0
0
1 140 242
0
0
0
0
1 128 84
0
0
0
0
0
0
0
0
0
0
0
0
0
0
0
0
0
0
0
0
0
0
0
0
0
1 140 85
0
0
0
0
0
0
0
0
0
0
0
0
0
0
0
0
0
0
0
0
0
0
0
0
0
0
0
0
0
0
0
0
0
0
0
0
1 76 171
0
0
0
0
0
0
0
0
0
0
0
0
0
0
0
0
0
0
0
0
0
0
0
0
0
0
0
0
0
1 128 159
0
0
0
0
0
0
0
0
0
0
1 76 182
0
0
1 64 177
0
0
0
0
0
0
0
0
0
0
0
0
0
0
0
0
0
0
0
0
0
0
0
0
0
0
0
0
0
0
0
0
0
0
0
0
0
0
0
0
0
0
0
0
0
0
0
0
0
0
1 64 72
0
0
0
0
0
0
0
0
0
0
0
0
0
0
0
0
0
0
0
0
0
0
1 140 216
0
0
0
0
1 128 62
1 128 177
0
0
0
0
0
0
0
0
0
0
0
0
0
0
0
0
0
0
0
2 140 172 76 19
0
0
0
0
0
1 76 214
0
0
0
0
0
0
0
0
0
0
0
0
0
0
0
0
0
2 64 25 140 248
0
0
0
0
0
0
0
0
0
1 64 150
0
0
0
0
0
0
0
0
0
0
0
0
0
1 128 131
1 128 186
0
0
0
0
0
0
0
0
0
0
0
0
0
0
0
0
0
0
0
0
0
0
0
0
0
0
0
0
0
0
0
0
0
0
0
0
0
0
0
0
0
0
0
0
0
0
0
0
0
0
1 140 136
0
0
0
0
0
0
1 76 68
0
0
1 64 7
0
0
0
0
0
0
0
0
0
0
0
1 64 8
0
0
0
0
0
0
0
0
0
0
0
0
0
0
0
0
0
0
0
0
0
0
0
0
0
0
0
0
0
0
0
0
0
0
0
0
0
0
0
0
0
0
0
0
0
0
0
0
0
0
0
0
0
0
0
0
0
0
0
0
0
0
0
0
0
0
0
0
0
0
0
0
1 64 72
0
0
0
0
0
0
0
0
0
0
0
0
0
0
0
0
0
0
0
0
0
0
0
0
0
0
0
0
0
0
0
0
0
0
0
1 76 30
0
1 64 152
0
0
0
0
0
1 64 138
0
0
1 140 246
0
0
0
0
0
0
0
0
0
0
0
0
0
0
0
0
0
0
0
0
0
0
0
0
0
0
0
1 128 80
0
0
0
0
0
0
0
0
0
0
0
0
0
0
0
0
0
0
0
0
0
0
0
0
0
0
0
0
0
0
0
0
1 128 32
0
0
0
0
0
1 76 92
0
0
0
0
0
0
1 64 195
0
0
0
0
0
0
0
0
0
0
0
0
0
0
0
0
0
0
0
0
0
0
0
0
0
0
0
0
0
0
0
0
0
0
0
0
0
0
0
1 128 48
0
0
0
0
0
0
0
0
0
0
0
0
0
0
0
0
0
0
0
0
0
0
0
0
0
0
1 64 103
0
0
0
0
0
0
0
0
0
0
0
0
0
0
0
0
0
0
0
0
0
0
0
1 64 54
0
0
0
0
0
0
0
0
0
0
0
0
0
0
0
0
0
0
0
0
0
0
0
0
0
0
0
0
0
0
0
0
0
0
0
0
0
0
0
0
0
1 76 63
0
0
0
0
0
0
0
0
0
0
0
0
0
0
0
0
0
0
0
0
0
0
0
0
0
0
0
0
0
0
0
0
0
1 64 7
0
0
0
0
0
0
0
0
0
0
0
0
0
0
0
0
0
0
0
0
0
0
0
0
0
0
0
0
0
0
0
0
0
0
0
0
0
0
0
0
0
0
0
0
0
0
0
0
0
0
0
0
0
1 128 207
0
0
0
0
0
0
0
0
0
0
0
0
0
0
1 140 53
0
0
0
0
0
0
0
0
0
0
0
0
0
0
0
0
0
0
0
0
0
0
0
0
0
0
0
0
0
1 76 117
0
0
0
0
0
0
0
0
0
0
0
0
0
0
0
0
0
0
0
0
0
0
0
1 64 4
0
0
0
0
0
0
0
0
0
0
0
0
0
0
0
0
0
0
0
0
0
0
0
0
0
0
0
0
0
0
0
0
0
0
1 76 210
0
0
0
0
0
0
0
0
0
0
0
0
0
0
0
0
0
0
1 64 73
0
0
0
0
0
0
0
0
0
0
0
0
0
1 64 252
0
