261
0.5
70000
8 4
256
2 20 1
2 0 21
2 3 22
2 23 2
2 5 16
2 17 4
3 18 7 19
2 19 6
2 28 9
2 8 29
2 30 11
2 31 10
2 24 13
3 24 25 12
2 26 15
2 14 27
2 4 19
2 45 5
2 46 6
3 16 6 7
2 0 40
2 22 1
2 21 2
2 3 43
3 13 12 36
2 26 13
2 25 14
2 39 15
2 8 31
2 33 9
2 34 10
2 28 11
2 52 33
2 29 32
2 35 30
2 34 55
2 37 24
3 48 36 49
2 39 50
2 27 38
2 41 20
2 40 61
2 62 43
2 23 42
2 45 56
3 17 63 44
2 47 18
2 46 59
3 49 37 92
2 37 48
2 38 51
2 50 53
2 32 53
2 52 51
2 55 90
2 35 54
2 44 57
3 56 84 63
2 86 59
2 47 58
2 80 61
2 60 41
3 63 42 81
3 62 45 57
3 65 124 87
3 64 85 123
2 67 86
3 87 124 66
2 80 69
3 81 122 68
2 122 71
2 70 83
2 73 92
3 72 93 116
2 118 75
2 74 95
3 112 77 91
2 76 89
3 91 90 79
2 78 91
2 68 60
3 82 69 62
2 81 83
2 71 82
3 87 57 85
2 65 84
2 58 66
3 64 84 67
2 89 91
2 88 77
2 78 54
4 76 78 79 88
2 48 72
2 94 73
2 95 93
2 94 75
2 116 172
2 98 117
3 173 97 99
2 119 98
2 101 103
2 113 100
2 106 114
2 100 115
2 105 107
2 125 104
2 126 102
2 127 104
2 120 160
2 121 110
3 111 163 109
2 123 110
2 113 76
2 112 101
2 115 102
2 114 103
3 73 117 96
2 97 116
2 119 74
2 118 99
2 121 108
2 109 120
3 70 123 69
3 111 122 65
3 125 64 67
2 105 124
2 106 127
2 126 107
2 129 188
2 128 149
2 131 150
3 190 151 130
2 133 144
2 132 145
3 186 145 135
2 134 147
2 156 137
2 157 136
2 139 182
2 159 138
2 141 176
2 140 153
2 143 154
2 155 142
2 132 252
3 133 134 146
2 147 145
2 135 146
2 149 151
2 129 148
2 130 250
2 131 148
2 153 155
2 141 152
3 250 246 142
2 143 152
2 136 240
2 158 137
2 157 159
2 158 139
2 108 180
3 180 181 162
3 163 183 161
3 162 183 110
3 179 165 167
2 177 164
2 178 170
2 164 179
2 169 171
2 189 168
2 166 190
2 168 191
2 96 184
4 186 98 174 185
2 173 175
2 187 174
2 177 140
2 176 165
2 179 166
3 178 164 167
3 181 160 161
2 180 161
2 138 183
3 182 163 162
2 185 172
2 173 184
3 134 173 187
2 186 175
2 189 128
2 188 169
3 191 170 131
2 171 190
2 193 212
2 192 213
2 214 195
2 215 194
2 208 197
2 209 196
2 199 210
3 210 198 211
2 220 201
2 200 221
2 203 222
3 202 220 223
2 205 216
2 217 204
2 207 218
2 206 219
2 211 196
2 237 197
3 238 199 198
2 208 199
2 192 232
2 193 214
2 194 213
2 195 235
2 228 204
2 205 218
3 229 217 206
3 230 207 231
4 200 227 203 223
2 225 201
3 202 226 227
2 203 220
2 244 225
2 221 224
2 222 227
4 247 220 222 226
2 229 216
4 218 240 241 228
3 231 242 219
2 230 219
2 212 233
2 253 232
2 235 254
2 215 234
2 248 237
3 236 209 255
2 210 239
3 250 251 238
3 241 156 229
2 240 229
2 230 243
2 245 242
2 224 245
2 244 243
2 154 247
2 227 246
2 236 249
2 255 248
4 150 154 251 239
2 250 239
2 144 253
2 252 233
2 255 234
3 254 249 237
1000 2140
0
0
0
0
0
0
0
0
0
0
0
0
1 64 134
0
0
0
0
0
0
0
0
0
0
0
0
0
0
0
0
0
0
0
0
0
0
0
0
0
0
0
0
0
0
0
0
0
0
0
0
0
1 140 207
0
0
0
0
1 64 228
0
0
1 76 155
0
0
0
0
0
0
0
0
0
0
0
0
0
0
0
0
0
0
0
0
0
0
0
0
0
0
0
0
0
0
0
0
1 64 113
0
0
0
0
0
0
0
0
0
1 64 168
0
0
1 76 104
0
0
0
0
0
0
0
0
0
0
0
0
1 128 186
1 128 24
0
0
0
0
0
0
0
0
0
0
0
0
0
0
0
0
0
1 128 180
0
0
0
0
0
0
0
0
0
0
0
0
0
0
0
0
0
0
0
0
0
0
0
0
0
0
1 64 158
0
0
0
0
0
0
0
0
0
0
0
0
0
0
0
0
0
0
0
0
1 128 2
1 140 203
0
0
0
1 140 129
0
0
0
0
0
0
0
0
0
0
0
0
0
0
0
0
0
0
0
0
0
0
0
0
0
0
0
0
0
0
0
0
0
0
0
0
1 128 217
0
0
0
0
0
0
0
0
0
0
0
0
0
0
0
0
0
0
1 76 136
0
0
0
0
0
0
0
1 76 180
1 76 233
0
0
0
0
0
0
0
0
0
0
0
0
0
0
0
0
0
0
0
0
0
0
0
0
0
0
0
0
0
0
0
0
0
0
0
0
0
0
0
0
0
0
0
0
0
0
0
1 76 126
0
0
0
0
0
0
0
0
0
0
0
0
0
0
0
0
0
0
0
0
0
1 64 187
0
0
0
0
0
0
0
0
0
0
0
0
1 140 254
0
0
0
0
0
0
0
0
0
0
0
0
0
0
0
0
0
0
0
0
0
0
0
0
0
0
0
0
0
0
0
0
0
0
0
0
0
0
0
0
0
0
0
0
0
0
0
0
0
0
0
0
0
0
0
0
0
0
0
0
0
0
0
0
0
0
0
0
0
0
0
0
0
0
2 128 192 76 239
0
0
0
0
0
0
0
0
0
0
0
1 64 119
0
1 140 245
0
0
0
0
0
0
0
0
0
0
0
0
0
0
0
0
0
0
0
0
0
0
0
0
0
0
0
0
0
0
0
1 76 198
0
0
0
0
0
0
0
0
0
0
0
0
0
0
0
0
0
0
0
0
0
0
0
0
0
0
0
0
0
0
1 140 131
0
0
0
0
0
0
0
0
0
0
0
0
0
0
0
0
0
1 128 90
0
0
0
0
0
0
0
0
0
0
1 64 196
0
0
0
0
0
0
0
0
0
0
0
0
0
0
0
0
0
0
0
0
0
0
0
0
0
0
0
1 76 7
0
0
0
0
0
0
0
1 76 85
0
0
0
0
0
0
0
0
0
0
0
0
0
0
0
0
1 76 244
0
0
0
0
0
0
0
0
0
0
0
0
0
0
0
0
0
1 140 189
1 76 150
0
0
0
1 64 145
0
0
0
0
0
0
0
0
0
0
0
0
0
0
0
0
0
0
0
0
0
0
0
0
0
0
0
0
0
0
0
0
0
0
0
0
0
0
1 128 74
0
0
1 64 241
1 128 20
0
0
0
0
0
0
0
0
0
0
0
0
0
0
0
0
0
0
0
0
0
0
0
0
0
0
0
0
0
0
0
0
0
0
0
0
0
0
0
0
0
0
0
0
0
0
0
0
0
0
0
0
0
0
0
1 140 120
0
0
0
0
0
0
0
0
0
0
0
0
0
0
0
0
0
1 128 236
0
1 64 236
0
1 128 221
0
0
0
0
0
0
1 140 174
0
0
0
0
0
0
0
0
0
0
0
0
0
0
0
0
0
0
0
0
0
0
0
0
0
0
0
0
0
0
0
1 140 237
0
0
1 140 143
0
1 76 187
0
0
0
0
0
0
0
0
0
0
0
0
0
0
0
0
0
0
0
0
0
1 140 149
0
0
0
0
0
0
0
0
0
0
0
0
0
0
0
0
0
0
0
0
0
0
0
0
0
0
0
0
0
0
0
0
0
1 76 53
1 76 230
0
1 64 155
0
0
0
0
0
0
0
0
0
0
0
0
0
0
0
0
0
0
0
0
0
0
0
0
0
0
0
0
0
0
0
0
0
0
0
0
0
0
0
0
0
0
0
0
0
0
0
1 64 1
0
0
0
0
0
0
0
0
0
0
0
0
0
0
0
0
0
0
0
0
0
1 76 81
0
0
0
0
0
0
0
0
0
0
0
0
0
0
0
0
0
0
0
0
0
0
0
0
0
0
1 128 202
0
0
0
0
0
0
0
1 64 130
0
0
0
0
0
0
0
0
0
0
0
0
0
0
0
0
0
0
0
0
0
0
0
0
0
0
0
0
0
0
0
0
0
0
0
0
0
1 76 140
0
0
0
0
0
0
0
0
0
0
0
0
0
0
0
0
0
0
1 140 203
0
0
1 140 231
0
0
0
0
0
0
0
0
0
0
0
0
0
0
0
0
0
0
0
0
0
0
0
0
0
0
0
0
0
0
0
0
0
0
0
0
0
0
0
0
0
0
0
0
0
0
0
0
0
0
0
0
0
0
0
0
0
0
0
0
0
0
0
0
0
0
0
0
0
0
0
0
0
0
0
0
0
0
0
0
0
0
0
0
0
0
0
0
0
0
0
0
0
0
0
0
0
0
0
0
0
0
0
0
0
0
0
0
0
0
0
0
0
0
0
0
0
0
0
0
0
0
0
0
0
0
0
0
0
0
0
0
0
0
0
0
0
0
0
0
0
0
0
0
0
0
0
0
0
0
0
0
0
0
0
0
0
0
0
0
0
0
0
0
0
0
0
0
0
0
0
0
0
0
0
0
0
0
0
0
0
0
0
0
0
0
0
0
0
0
0
1 140 135
1 64 5
0
0
0
0
0
0
0
0
0
0
0
0
1 76 81
0
1 128 60
0
0
0
0
0
0
0
0
0
0
0
0
0
1 128 176
0
0
0
0
0
0
0
1 140 146
0
0
0
0
0
0
0
0
0
0
0
0
0
0
0
0
0
0
0
0
0
0
0
0
0
0
0
0
1 140 33
0
0
0
0
0
0
0
0
0
0
0
0
0
0
0
0
0
0
0
0
0
0
0
0
0
0
0
0
0
0
0
0
0
0
0
0
0
0
0
0
0
0
0
0
0
0
0
0
0
0
1 76 16
0
0
0
0
0
0
0
0
0
0
0
0
0
0
0
0
0
0
0
0
0
0
0
0
0
0
1 76 110
0
0
0
0
0
0
0
0
0
0
0
0
0
0
0
0
0
0
0
0
0
0
0
0
0
0
0
0
0
1 140 150
0
0
0
0
0
0
0
1 140 232
0
0
0
0
0
1 76 44
1 140 79
0
0
0
0
0
1 64 188
0
0
0
0
0
0
0
0
0
0
0
0
0
0
0
0
0
0
0
0
0
0
0
0
0
0
0
0
0
0
0
0
0
0
0
0
0
0
0
0
0
0
0
0
0
0
0
0
0
0
0
0
0
0
0
0
0
0
0
0
0
0
0
0
0
0
0
0
0
0
0
0
0
0
0
0
0
0
0
0
0
0
0
0
0
0
0
0
2 140 113 64 105
0
0
0
0
0
0
0
0
0
0
0
0
0
0
0
0
0
0
0
0
0
0
0
0
0
0
0
0
0
0
0
0
0
0
0
0
0
0
0
0
0
0
0
0
0
0
0
0
0
0
0
0
0
0
0
0
0
0
0
0
0
0
0
0
0
0
0
1 128 196
0
0
0
0
0
0
0
0
1 64 149
0
0
0
0
0
0
0
0
0
0
0
0
0
0
0
0
0
0
0
0
0
0
0
0
0
0
0
0
0
0
0
0
0
0
0
1 64 3
0
0
0
0
0
0
0
0
0
0
0
0
1 76 74
0
0
0
0
0
1 76 21
0
0
0
0
0
0
0
0
0
0
0
0
0
0
0
0
0
0
0
0
0
0
0
0
0
0
0
0
0
0
0
0
0
0
0
0
0
0
0
0
0
0
0
0
0
0
0
0
0
0
0
0
0
0
0
0
0
0
0
0
0
0
0
0
0
0
0
0
0
0
0
0
0
0
0
0
1 76 236
0
0
0
0
0
0
0
0
0
0
0
0
0
0
0
0
0
0
1 76 109
0
0
0
0
0
0
0
0
0
0
0
0
0
0
0
0
0
0
0
0
0
0
0
0
0
1 64 77
0
0
0
0
0
0
0
0
0
0
0
1 64 48
0
0
0
0
0
0
0
0
0
0
0
0
0
0
0
0
0
0
0
0
0
0
0
0
0
0
0
0
0
0
0
0
0
0
0
0
0
0
0
0
0
0
0
0
1 64 254
0
0
0
0
0
0
0
0
0
0
0
0
0
0
0
0
0
0
0
0
0
0
0
0
0
0
0
0
1 128 1
0
0
0
0
0
0
0
0
0
0
0
0
0
0
0
0
0
0
0
0
0
0
0
0
1 140 200
0
0
0
0
0
0
0
0
0
0
0
0
0
0
0
0
1 76 97
0
1 64 230
0
0
0
0
0
0
0
0
0
0
0
0
0
0
0
0
0
0
0
0
0
1 128 77
0
0
0
0
0
0
0
0
0
0
0
0
0
0
0
0
0
1 76 252
0
0
0
0
0
0
0
0
0
0
0
0
0
0
0
0
0
0
0
0
0
0
0
0
0
0
0
0
0
0
0
0
0
0
0
0
0
0
0
0
0
0
0
0
0
0
0
0
0
0
0
0
0
0
1 128 144
0
0
0
0
0
0
1 140 144
0
0
0
0
0
0
0
0
0
0
1 64 212
0
0
0
0
0
0
0
1 76 248
0
0
0
0
0
0
0
0
0
0
0
0
0
0
1 76 251
0
0
0
0
0
0
0
0
0
0
0
0
0
0
0
0
0
0
0
0
0
0
0
0
0
0
0
0
0
0
0
0
0
0
0
0
0
0
0
0
0
0
0
0
0
0
0
0
0
0
0
0
0
0
0
0
0
0
0
0
0
0
0
0
0
0
0
0
0
0
0
0
0
0
0
0
0
0
0
0
0
0
0
0
0
0
0
0
0
0
0
0
0
0
0
0
0
0
0
0
0
0
0
0
0
1 76 198
0
0
0
0
0
0
0
0
0
0
0
0
0
0
0
0
0
0
0
0
0
0
0
1 140 24
0
0
0
0
0
1 128 239
0
0
0
0
1 140 139
0
0
0
0
0
0
1 128 229
0
1 76 32
0
0
0
0
0
0
0
0
0
