261
0.5
70000
4 4
256
2 20 1
2 21 0
2 22 3
2 2 23
2 16 5
2 4 17
3 19 18 7
2 19 6
2 28 9
2 29 8
2 11 30
2 10 31
2 24 13
3 25 12 24
2 26 15
2 27 14
2 4 19
2 45 5
2 6 46
3 16 7 6
2 0 40
2 1 22
2 2 21
2 43 3
3 12 13 36
2 26 13
2 25 14
2 15 39
2 31 8
2 33 9
2 10 34
2 28 11
2 52 33
2 32 29
2 30 35
2 34 55
2 24 37
3 48 36 49
2 39 50
2 27 38
2 20 41
2 61 40
2 43 62
2 23 42
2 56 45
3 44 63 17
2 18 47
2 59 46
3 37 92 49
2 48 37
2 38 51
2 50 53
2 53 32
2 52 51
2 55 90
2 35 54
2 57 44
3 56 63 84
2 59 86
2 58 47
2 61 80
2 60 41
3 63 81 42
3 62 57 45
3 65 87 124
3 123 85 64
2 67 86
3 124 66 87
2 80 69
3 122 68 81
2 122 71
2 70 83
2 92 73
3 93 116 72
2 118 75
2 74 95
3 77 91 112
2 76 89
3 91 90 79
2 91 78
2 68 60
3 82 69 62
2 83 81
2 82 71
3 87 85 57
2 84 65
2 58 66
3 64 84 67
2 91 89
2 77 88
2 54 78
4 79 78 76 88
2 72 48
2 94 73
2 95 93
2 94 75
2 172 116
2 117 98
3 173 97 99
2 119 98
2 101 103
2 113 100
2 114 106
2 115 100
2 105 107
2 125 104
2 126 102
2 127 104
2 120 160
2 121 110
3 163 111 109
2 123 110
2 76 113
2 101 112
2 102 115
2 103 114
3 73 96 117
2 97 116
2 74 119
2 99 118
2 108 121
2 109 120
3 69 70 123
3 122 65 111
3 64 67 125
2 105 124
2 127 106
2 107 126
2 188 129
2 128 149
2 150 131
3 151 130 190
2 133 144
2 132 145
3 135 145 186
2 147 134
2 137 156
2 136 157
2 139 182
2 138 159
2 176 141
2 140 153
2 154 143
2 142 155
2 132 252
3 146 134 133
2 145 147
2 146 135
2 149 151
2 129 148
2 250 130
2 131 148
2 153 155
2 141 152
3 142 246 250
2 143 152
2 136 240
2 158 137
2 159 157
2 139 158
2 180 108
3 162 180 181
3 161 183 163
3 183 110 162
3 179 165 167
2 177 164
2 170 178
2 179 164
2 171 169
2 189 168
2 166 190
2 168 191
2 184 96
4 186 185 98 174
2 175 173
2 174 187
2 177 140
2 165 176
2 166 179
3 167 178 164
3 161 160 181
2 180 161
2 138 183
3 163 162 182
2 185 172
2 173 184
3 187 173 134
2 175 186
2 189 128
2 169 188
3 191 170 131
2 190 171
2 212 193
2 192 213
2 195 214
2 194 215
2 208 197
2 196 209
2 199 210
3 210 211 198
2 201 220
2 221 200
2 203 222
3 220 202 223
2 216 205
2 204 217
2 207 218
2 206 219
2 196 211
2 237 197
3 198 199 238
2 208 199
2 232 192
2 214 193
2 213 194
2 235 195
2 228 204
2 218 205
3 206 229 217
3 231 207 230
4 200 223 203 227
2 225 201
3 226 202 227
2 203 220
2 244 225
2 224 221
2 227 222
4 222 220 226 247
2 229 216
4 218 240 241 228
3 242 231 219
2 230 219
2 233 212
2 232 253
2 235 254
2 234 215
2 237 248
3 236 255 209
2 239 210
3 251 250 238
3 241 156 229
2 240 229
2 243 230
2 242 245
2 224 245
2 243 244
2 247 154
2 246 227
2 249 236
2 248 255
4 150 154 251 239
2 250 239
2 144 253
2 252 233
2 234 255
3 254 237 249
1000 2140
1 37 187
0
0
1 216 56
0
0
0
0
0
0
0
0
0
0
0
0
0
0
0
0
0
0
0
0
0
0
0
0
0
1 219 5
0
0
0
0
0
0
0
0
0
0
1 19 25
0
0
0
0
0
0
0
0
0
0
0
0
0
0
0
0
0
0
0
0
0
0
0
0
0
0
0
0
0
0
0
1 16 51
0
0
0
0
0
0
0
0
0
0
0
0
0
0
0
0
0
0
0
0
0
0
0
0
0
0
0
1 25 185
0
0
0
0
0
1 108 81
0
0
0
0
0
0
0
0
0
0
0
0
0
0
0
0
0
0
0
0
0
0
0
0
0
0
0
0
0
0
0
0
0
0
0
0
0
0
0
0
0
1 17 36
0
0
0
0
0
0
0
0
0
0
0
0
0
0
0
0
1 44 37
0
0
0
0
0
0
0
0
0
0
0
0
0
0
0
0
0
0
0
0
0
0
0
0
0
0
0
0
0
0
0
0
0
0
0
0
0
0
0
0
0
0
1 18 24
0
0
0
0
0
0
0
0
0
1 57 38
0
0
0
0
0
0
2 36 175 38 84
0
1 121 82
0
0
0
0
0
1 240 18
0
0
0
0
0
0
0
0
0
0
0
0
0
0
0
0
1 37 67
0
0
0
0
0
0
0
0
0
0
0
0
0
0
0
0
0
0
1 13 87
0
0
0
0
0
0
0
0
1 218 7
0
0
0
0
0
0
0
0
0
0
0
0
0
0
0
0
0
0
1 5 49
0
0
0
1 36 175
0
0
0
0
0
0
0
0
0
0
0
0
0
0
0
0
0
0
0
0
0
0
0
0
0
0
0
0
0
0
0
0
0
0
0
0
0
0
0
0
0
0
0
0
0
0
0
0
0
0
0
0
0
0
0
0
0
0
0
0
0
0
0
0
0
0
0
0
0
0
0
0
0
0
0
1 47 12
0
0
0
0
0
0
1 38 125
0
0
0
0
0
1 39 86
0
0
0
0
0
0
0
0
0
1 13 86
0
0
0
0
0
0
0
1 50 104
0
0
0
0
1 231 59
0
0
0
0
0
0
0
0
0
0
0
0
0
0
1 15 187
0
0
0
0
0
0
0
0
0
0
0
0
0
0
0
0
0
0
0
0
0
0
1 71 109
0
0
0
0
0
0
0
0
0
0
0
0
0
0
0
0
0
0
0
0
0
0
0
0
0
0
0
0
0
0
0
0
0
0
0
0
0
0
0
0
0
0
0
0
0
0
0
0
0
0
0
0
0
0
0
0
0
0
0
0
0
0
0
0
0
0
0
0
0
0
0
0
0
1 19 25
0
0
0
0
0
0
0
0
0
0
0
0
0
0
0
0
0
0
0
0
0
0
0
0
0
0
0
0
0
0
0
0
0
0
0
0
0
0
0
0
0
0
0
0
0
0
0
0
0
0
0
0
0
1 82 111
0
0
0
0
0
0
0
0
0
0
0
0
0
1 27 86
0
0
0
0
0
0
0
0
0
0
1 4 48
0
0
0
0
0
0
0
0
0
0
1 204 5
0
0
0
0
0
0
0
0
0
0
0
0
0
0
0
0
0
0
0
0
0
0
0
0
0
0
0
0
0
0
0
0
0
0
0
0
0
0
0
0
1 218 7
0
0
0
0
0
0
0
0
0
0
0
0
0
0
0
0
0
0
0
0
0
0
0
0
0
0
0
0
0
0
0
0
0
0
0
0
0
0
0
0
0
0
0
0
0
0
0
0
0
0
0
0
0
0
0
0
0
0
0
0
0
0
0
0
0
0
0
0
0
0
0
0
0
0
0
0
0
0
0
0
0
0
0
0
0
0
0
0
0
0
0
0
0
0
0
0
0
0
0
0
0
0
0
0
0
0
0
0
0
0
0
1 36 185
0
0
1 26 175
0
0
0
0
0
0
0
0
0
0
0
0
0
0
0
0
0
0
0
0
0
0
0
0
0
0
0
0
0
0
0
0
0
0
0
0
0
0
0
0
0
0
0
1 26 147
0
0
0
0
0
0
0
0
0
0
0
0
0
0
0
0
0
0
0
0
0
0
0
0
0
0
0
0
0
0
0
0
0
0
0
0
0
0
0
0
0
0
0
0
0
0
1 25 107
0
0
0
0
0
0
0
0
0
0
0
0
0
0
1 27 106
0
0
1 49 87
0
0
1 217 57
0
0
0
0
0
0
0
0
0
0
1 56 27
0
0
0
0
0
0
0
0
0
0
0
0
0
0
0
0
0
0
0
0
0
0
0
0
0
0
0
0
0
0
0
0
0
0
0
0
0
0
0
0
0
0
0
0
0
0
0
0
0
0
0
0
0
0
0
0
1 24 186
0
0
0
0
0
0
1 15 127
0
0
0
0
0
0
0
0
0
0
1 51 146
0
0
0
0
0
0
0
0
0
0
0
0
0
0
0
0
0
0
0
0
0
0
0
0
0
0
0
0
0
0
0
0
0
0
0
0
0
0
0
0
0
0
0
0
0
0
0
0
0
0
0
0
0
0
0
0
0
0
0
0
0
0
0
0
0
0
0
0
0
0
0
0
0
0
0
0
0
0
0
0
0
0
0
0
0
0
0
0
0
0
0
0
0
0
0
0
0
0
0
0
0
0
0
0
0
0
0
0
0
0
0
0
0
0
0
0
0
0
0
0
0
0
0
0
0
0
0
0
0
0
0
0
0
0
0
0
0
0
0
0
0
0
0
0
0
0
0
0
0
0
0
0
0
0
0
0
0
0
0
0
0
0
0
0
0
0
0
0
0
0
0
1 240 45
0
0
0
0
1 25 125
0
1 217 44
0
0
0
0
0
0
0
0
0
0
0
0
0
0
0
0
0
0
0
0
0
0
0
0
0
0
0
0
0
0
0
0
0
0
0
0
0
0
0
0
0
0
0
0
0
0
0
0
0
0
0
0
0
0
0
0
0
0
0
0
0
0
0
0
0
0
0
0
0
0
0
0
0
1 51 66
0
0
0
0
0
0
0
0
0
0
0
0
0
0
0
0
0
0
0
0
0
1 12 133
0
0
0
0
0
0
0
0
0
0
0
0
0
0
0
0
0
0
0
0
0
2 4 49 49 86
0
0
0
0
0
0
0
0
0
0
0
0
0
0
0
0
0
0
0
0
0
0
0
0
0
0
0
0
0
0
0
0
0
0
0
0
0
0
0
0
0
0
0
0
0
0
0
0
0
0
0
0
0
0
0
0
0
0
0
0
0
0
0
0
0
0
0
0
0
0
0
0
0
0
0
0
0
0
0
0
0
0
0
0
0
1 122 108
1 15 84
0
0
0
1 241 47
0
0
0
0
0
0
0
0
0
0
0
0
0
0
0
0
0
0
0
1 243 57
0
0
0
0
0
0
0
0
0
0
0
0
0
0
0
0
1 216 4
0
0
0
0
0
0
0
0
0
0
0
0
0
0
0
0
0
0
0
0
0
0
0
0
0
0
0
0
0
0
0
0
0
0
0
0
0
0
0
0
0
0
0
0
0
0
0
0
0
1 218 5
0
0
0
0
0
0
0
0
0
0
1 19 49
0
0
0
0
0
0
0
0
0
0
0
0
0
0
0
0
0
0
0
0
0
0
0
0
0
0
0
0
0
0
0
0
0
0
0
0
1 110 82
0
0
0
1 51 104
1 81 71
0
0
0
0
0
0
0
0
0
0
0
0
0
0
0
1 26 147
0
0
0
0
0
0
1 70 82
0
0
0
0
0
0
0
0
1 50 107
0
0
0
0
0
0
0
0
1 110 83
0
0
0
0
1 216 6
0
0
0
0
0
2 13 185 231 5
0
0
0
0
0
0
0
0
0
0
0
0
0
0
0
0
0
0
0
0
0
0
0
1 15 172
0
0
0
1 57 48
0
0
0
0
0
0
0
0
0
0
0
0
0
0
0
0
0
0
0
0
0
0
0
0
0
0
0
0
0
0
0
0
0
0
0
0
0
0
0
0
0
0
0
0
0
0
0
1 39 184
0
0
0
0
0
1 37 67
0
0
0
0
0
0
0
0
0
0
0
1 205 47
0
0
0
0
0
0
0
0
0
0
0
0
0
0
0
0
0
0
0
0
0
0
0
0
0
0
0
0
0
0
0
1 37 185
0
0
0
0
0
0
0
0
0
0
0
0
0
0
0
0
0
0
0
0
0
0
0
0
0
0
0
0
0
0
0
0
1 6 27
0
0
0
0
0
0
0
0
0
0
0
0
2 81 109 50 105
0
0
1 59 14
0
0
0
0
0
0
0
0
0
0
0
0
0
0
0
0
0
0
0
0
0
0
0
0
0
0
0
0
0
0
0
0
0
0
0
0
0
0
0
0
0
0
0
0
1 70 80
0
0
0
0
0
0
0
0
0
0
0
0
0
0
0
0
0
0
0
0
0
0
0
0
0
0
0
0
0
0
0
0
0
0
0
0
1 19 36
1 48 145
0
0
0
0
0
0
0
0
0
0
0
0
0
0
0
0
0
0
0
0
0
0
0
0
0
0
0
0
0
0
0
0
0
0
0
0
1 122 121
0
0
0
0
0
0
0
0
0
0
0
0
0
0
0
0
0
0
0
0
0
0
0
0
0
0
0
0
0
0
0
0
0
0
0
0
0
0
0
0
0
0
0
0
0
0
0
0
0
0
0
0
0
0
0
0
0
0
0
1 44 15
0
0
0
0
0
0
0
0
0
0
0
0
0
0
0
0
0
0
0
1 242 44
0
0
0
0
0
0
0
0
0
1 27 86
0
0
0
0
0
0
0
0
0
0
0
0
0
1 48 104
0
0
0
1 217 6
0
0
0
0
0
0
0
0
0
0
0
0
0
0
0
0
0
0
0
0
0
0
0
0
0
1 231 7
0
0
0
0
0
0
0
0
0
1 48 184
0
0
0
0
0
0
0
0
0
0
0
0
0
0
0
0
0
0
0
0
0
1 6 25
0
0
0
0
1 242 16
0
0
0
0
0
0
0
0
0
0
0
0
0
0
0
0
0
0
0
0
0
0
0
0
0
0
1 68 120
0
0
0
0
0
0
0
0
0
0
0
0
0
0
0
0
0
0
1 120 81
0
1 120 68
1 216 59
0
0
0
0
0
0
0
0
0
0
1 24 184
0
0
0
0
0
0
0
0
0
0
1 5 48
0
0
0
0
0
0
0
0
0
0
0
0
0
0
0
0
0
0
0
0
0
0
0
0
0
0
0
0
0
0
0
0
0
0
0
0
0
0
0
0
1 13 84
0
0
1 110 108
0
0
0
0
0
0
0
0
0
