1029
0
171000
101 4
1024
2 1 40
3 0 41 2
3 42 3 1
3 43 5 2
3 5 7 44
3 3 4 45
3 7 46 10
3 4 6 47
3 32 9 11
3 8 15 33
3 34 11 6
3 35 8 10
2 13 36
2 12 14
2 13 15
2 14 9
3 17 19 56
3 16 23 57
3 19 30 58
3 59 18 16
2 21 60
2 22 20
2 23 21
2 17 22
2 48 25
3 24 49 26
3 27 50 25
3 26 29 51
3 52 31 29
3 27 28 53
3 54 18 31
3 55 30 28
4 35 8 33 88
3 89 32 9
4 46 10 35 90
4 32 91 11 34
2 12 37
2 36 38
2 37 39
2 95 38
3 0 41 80
4 81 40 42 1
4 2 41 82 43
4 83 42 45 3
4 4 84 45 47
4 5 43 44 85
4 34 86 6 47
4 7 44 46 87
3 49 24 72
4 50 25 48 73
4 49 26 74 51
4 27 50 53 75
4 76 55 28 53
4 29 51 77 52
4 55 30 58 78
4 54 79 31 52
4 57 64 16 59
3 56 17 65
4 54 18 59 66
4 67 19 56 58
2 61 20
2 60 62
2 63 61
2 62 71
4 104 67 65 56
3 105 64 57
4 67 106 58 78
4 107 64 59 66
2 69 108
2 68 70
2 71 69
2 70 63
3 73 96 48
4 74 72 97 49
4 98 50 75 73
4 77 99 74 51
4 100 77 52 79
4 101 53 75 76
4 79 54 66 102
4 78 55 76 103
3 120 40 81
4 121 82 80 41
4 122 83 81 42
4 123 82 85 43
4 85 124 87 44
4 83 125 84 45
4 126 87 90 46
4 127 86 84 47
4 112 89 91 32
3 88 113 33
4 91 114 86 34
4 115 88 35 90
2 116 93
2 92 94
2 93 95
2 94 39
3 184 72 97
4 185 96 98 73
4 97 74 186 99
4 75 101 98 187
4 76 103 101 188
4 77 99 100 189
4 103 78 106 190
4 79 100 191 102
4 176 64 105 107
3 65 104 177
4 66 107 102 178
4 104 179 106 67
2 109 68
2 110 108
2 111 109
2 183 110
4 115 88 168 113
3 169 89 112
4 90 126 170 115
4 91 114 112 171
2 92 117
2 118 116
2 117 119
2 175 118
3 121 160 80
4 161 122 81 120
4 121 82 162 123
4 125 163 83 122
4 127 84 164 125
4 124 123 85 165
4 166 86 114 127
4 124 87 126 167
4 168 248 129 131
3 249 128 169
4 131 250 142 170
4 251 171 128 130
2 133 172
2 132 134
2 133 135
2 134 255
3 137 160 240
4 241 161 136 138
4 137 162 139 242
4 163 138 243 141
4 164 143 244 141
4 140 139 245 165
4 130 143 246 166
4 142 167 140 247
3 145 232 184
4 185 146 144 233
4 186 234 145 147
4 146 187 235 149
4 188 236 149 151
4 237 148 147 189
4 238 190 154 151
4 150 148 239 191
4 176 155 153 224
3 225 152 177
4 226 178 155 150
4 154 152 227 179
2 180 157
2 156 158
2 157 159
2 231 158
3 120 136 161
4 160 137 121 162
4 161 122 163 138
4 162 165 123 139
4 165 140 124 167
4 164 141 125 163
4 126 142 167 170
4 166 127 164 143
4 171 112 169 128
3 168 129 113
4 171 130 114 166
4 170 168 131 115
2 132 173
2 172 174
2 173 175
2 119 174
4 152 177 104 179
3 153 176 105
4 154 179 190 106
4 176 107 178 155
2 156 181
2 182 180
2 181 183
2 182 111
3 96 144 185
4 186 145 184 97
4 146 187 185 98
4 189 99 147 186
4 100 191 148 189
4 187 188 149 101
4 191 150 178 102
4 103 190 151 188
3 193 232 344
4 194 192 233 345
4 234 346 193 195
4 347 235 194 197
4 236 197 348 199
4 237 196 195 349
4 238 202 199 350
4 351 196 239 198
4 336 224 201 203
3 200 225 337
4 198 203 338 226
4 202 227 200 339
2 228 205
2 206 204
2 205 207
2 206 343
4 209 211 248 328
3 249 329 208
4 330 222 211 250
4 210 251 208 331
2 213 252
2 212 214
2 213 215
2 214 335
3 320 240 217
4 321 218 216 241
4 242 217 322 219
4 221 218 323 243
4 221 244 223 324
4 220 325 219 245
4 246 210 223 326
4 327 220 247 222
4 227 225 200 152
3 153 201 224
4 227 238 154 202
4 203 155 224 226
2 229 204
2 230 228
2 229 231
2 230 159
3 233 192 144
4 193 232 145 234
4 233 235 146 194
4 237 234 195 147
4 237 196 148 239
4 236 197 235 149
4 198 239 226 150
4 236 199 151 238
3 241 136 216
4 242 217 137 240
4 243 138 218 241
4 245 242 139 219
4 140 247 220 245
4 243 244 141 221
4 247 142 222 250
4 223 244 246 143
4 249 251 128 208
3 129 248 209
4 251 246 130 210
4 211 250 131 248
2 253 212
2 252 254
2 255 253
2 135 254
4 296 259 376 257
3 377 297 256
4 298 270 259 378
4 256 258 379 299
2 261 300
2 262 260
2 261 263
2 383 262
3 368 288 265
4 266 264 289 369
4 290 370 265 267
4 371 266 269 291
4 292 271 269 372
4 268 293 373 267
4 374 271 294 258
4 268 295 375 270
3 312 360 273
4 272 274 313 361
4 273 314 275 362
4 277 274 363 315
4 277 364 279 316
4 276 365 317 275
4 366 282 318 279
4 367 278 276 319
4 281 283 304 352
3 353 305 280
4 306 278 283 354
4 307 355 282 280
2 285 308
2 286 284
2 287 285
2 286 359
3 264 289 504
4 290 505 288 265
4 289 506 266 291
4 507 290 267 293
4 268 293 295 508
4 269 291 292 509
4 510 270 295 298
4 292 511 294 271
4 299 496 256 297
3 257 497 296
4 498 258 294 299
4 259 499 298 296
2 301 260
2 302 300
2 303 301
2 503 302
4 280 488 307 305
3 489 304 281
4 307 282 318 490
4 304 306 491 283
2 309 284
2 310 308
2 311 309
2 495 310
3 480 272 313
4 312 314 273 481
4 313 482 274 315
4 483 317 314 275
4 484 319 317 276
4 315 316 485 277
4 278 319 306 486
4 279 316 487 318
3 360 216 321
4 217 320 361 322
4 321 218 323 362
4 325 363 219 322
4 325 220 364 327
4 221 324 365 323
4 222 330 327 366
4 223 367 326 324
4 208 329 331 352
3 328 209 353
4 210 326 354 331
4 328 355 330 211
2 333 356
2 332 334
2 333 335
2 215 334
4 337 376 339 200
3 377 336 201
4 202 378 339 350
4 203 336 338 379
2 380 341
2 342 340
2 341 343
2 207 342
3 345 368 192
4 346 344 193 369
4 370 347 194 345
4 346 195 371 349
4 351 196 372 349
4 373 197 348 347
4 338 198 351 374
4 348 199 350 375
4 280 355 328 353
3 281 352 329
4 366 282 355 330
4 354 352 331 283
2 357 332
2 358 356
2 357 359
2 358 287
3 320 361 272
4 273 360 362 321
4 363 274 361 322
4 275 365 362 323
4 276 367 324 365
4 277 363 325 364
4 354 326 367 278
4 366 364 279 327
3 344 369 264
4 345 265 370 368
4 369 266 346 371
4 370 267 347 373
4 373 268 375 348
4 372 371 269 349
4 270 378 350 375
4 351 372 271 374
4 336 379 377 256
3 376 337 257
4 258 374 338 379
4 378 339 259 376
2 381 340
2 382 380
2 383 381
2 382 263
3 385 664 424
3 425 386 384
3 426 385 387
3 386 389 427
3 428 391 389
3 388 429 387
3 391 394 430
3 388 431 390
3 393 416 395
2 392 417
3 395 390 418
3 394 419 392
2 397 420
2 396 398
2 399 397
2 398 663
3 403 401 440
2 400 441
3 403 414 442
3 400 443 402
2 405 444
2 406 404
2 407 405
2 655 406
3 432 409 640
3 408 410 433
3 411 434 409
3 413 435 410
3 415 436 413
3 412 411 437
3 402 438 415
3 439 412 414
4 419 417 392 472
3 416 393 473
4 394 430 474 419
4 416 475 395 418
2 421 396
2 420 422
2 421 423
2 422 479
3 384 425 464
4 385 424 465 426
4 386 466 427 425
4 426 387 429 467
4 468 431 429 388
4 428 427 469 389
4 418 390 431 470
4 391 430 428 471
3 456 433 408
4 432 434 409 457
4 410 433 458 435
4 459 411 434 437
4 412 437 439 460
4 435 461 436 413
4 414 462 442 439
4 415 438 463 436
4 448 443 441 400
3 440 401 449
4 438 443 402 450
4 440 442 451 403
2 404 445
2 446 444
2 445 447
2 446 455
4 440 488 451 449
3 441 448 489
4 451 442 462 490
4 443 448 450 491
2 492 453
2 452 454
2 453 455
2 454 447
3 480 432 457
4 433 458 456 481
4 457 482 459 434
4 435 461 483 458
4 436 484 463 461
4 437 459 485 460
4 450 486 463 438
4 460 487 462 439
3 424 504 465
4 464 425 505 466
4 467 506 426 465
4 507 466 469 427
4 428 471 508 469
4 429 467 509 468
4 474 471 510 430
4 431 468 511 470
4 473 496 416 475
3 497 472 417
4 498 475 418 470
4 499 419 474 472
2 500 477
2 476 478
2 477 479
2 478 423
3 312 481 456
4 482 457 480 313
4 458 481 483 314
4 482 315 485 459
4 487 316 460 485
4 317 461 484 483
4 462 318 487 490
4 463 319 486 484
4 489 491 304 448
3 488 449 305
4 491 306 486 450
4 307 490 488 451
2 493 452
2 494 492
2 493 495
2 494 311
4 472 497 499 296
3 297 496 473
4 298 510 499 474
4 475 496 498 299
2 501 476
2 502 500
2 503 501
2 303 502
3 288 464 505
4 504 465 506 289
4 466 507 505 290
4 467 506 291 509
4 468 511 292 509
4 508 293 507 469
4 294 470 498 511
4 510 471 295 508
4 515 513 552 632
3 633 553 512
4 634 515 526 554
4 635 555 512 514
2 517 556
2 516 518
2 519 517
2 639 518
3 521 624 544
4 522 545 520 625
4 546 626 521 523
4 522 627 547 525
4 527 548 628 525
4 629 523 524 549
4 550 514 527 630
4 631 526 551 524
3 568 529 616
4 530 569 528 617
4 529 618 570 531
4 530 533 619 571
4 572 533 620 535
4 621 532 531 573
4 622 538 574 535
4 532 534 575 623
4 539 537 608 560
3 561 609 536
4 534 610 562 539
4 611 563 536 538
2 564 541
2 542 540
2 543 541
2 542 615
3 520 760 545
4 546 544 761 521
4 522 547 545 762
4 523 763 546 549
4 551 524 764 549
4 548 547 765 525
4 551 554 526 766
4 548 550 767 527
4 752 553 555 512
3 753 552 513
4 550 514 555 754
4 552 515 755 554
2 516 557
2 558 556
2 559 557
2 759 558
4 563 561 744 536
3 560 537 745
4 538 746 563 574
4 560 747 539 562
2 565 540
2 564 566
2 565 567
2 751 566
3 736 528 569
4 568 737 529 570
4 738 571 569 530
4 739 573 531 570
4 532 573 575 740
4 571 572 741 533
4 562 534 742 575
4 535 743 572 574
3 616 577 984
4 985 617 578 576
4 579 577 986 618
4 619 578 987 581
4 581 583 988 620
4 579 580 989 621
4 586 622 990 583
4 580 582 991 623
4 585 587 608 976
3 584 609 977
4 978 582 610 587
4 586 611 979 584
2 612 589
2 590 588
2 589 591
2 983 590
4 595 632 968 593
3 592 969 633
4 634 970 595 606
4 592 971 594 635
2 597 636
2 598 596
2 597 599
2 975 598
3 960 624 601
4 602 625 600 961
4 603 601 962 626
4 963 602 627 605
4 607 964 605 628
4 604 603 965 629
4 607 630 966 594
4 967 631 604 606
4 609 611 584 536
3 608 585 537
4 622 586 538 611
4 539 587 608 610
2 613 588
2 612 614
2 615 613
2 614 543
3 528 617 576
4 616 529 577 618
4 619 617 578 530
4 579 618 621 531
4 580 532 623 621
4 533 620 581 619
4 582 623 610 534
4 620 622 535 583
3 600 625 520
4 624 626 521 601
4 625 602 522 627
4 626 603 629 523
4 631 629 524 604
4 628 627 605 525
4 634 631 606 526
4 607 630 527 628
4 635 512 592 633
3 632 593 513
4 514 594 635 630
4 515 634 595 632
2 596 637
2 636 638
2 639 637
2 638 519
3 680 641 408
3 681 640 642
3 641 682 643
3 683 645 642
3 645 684 647
3 685 643 644
3 647 686 650
3 687 646 644
3 651 649 672
2 673 648
3 674 651 646
3 648 675 650
3 653 660 676
2 654 652
2 653 655
2 407 654
3 657 696 659
2 697 656
3 698 670 659
3 699 658 656
3 652 661 700
2 662 660
2 661 663
2 399 662
3 384 688 665
3 666 664 689
3 690 667 665
3 691 669 666
3 671 669 692
3 693 667 668
3 658 694 671
3 670 695 668
4 648 675 673 728
3 672 649 729
4 730 686 650 675
4 731 674 651 672
2 677 652
2 678 676
2 679 677
2 735 678
3 720 681 640
4 721 682 680 641
4 683 681 722 642
4 643 685 682 723
4 644 687 724 685
4 683 645 684 725
4 674 646 687 726
4 647 684 727 686
3 689 664 712
4 688 690 665 713
4 689 666 691 714
4 693 690 715 667
4 716 693 695 668
4 669 691 692 717
4 695 698 670 718
4 671 719 694 692
4 699 656 697 704
3 705 696 657
4 699 706 694 658
4 707 659 696 698
2 701 660
2 700 702
2 701 703
2 711 702
4 707 696 744 705
3 745 697 704
4 707 746 718 698
4 704 699 706 747
2 709 748
2 708 710
2 711 709
2 710 703
3 688 736 713
4 737 714 712 689
4 713 738 690 715
4 714 717 739 691
4 717 692 740 719
4 693 716 715 741
4 742 706 694 719
4 716 743 695 718
3 680 721 760
4 761 722 720 681
4 682 762 721 723
4 683 763 725 722
4 727 684 764 725
4 723 765 685 724
4 727 730 686 766
4 767 726 687 724
4 752 672 729 731
3 728 753 673
4 674 731 726 754
4 755 728 675 730
2 756 733
2 734 732
2 733 735
2 679 734
3 737 568 712
4 738 736 569 713
4 570 714 737 739
4 715 741 571 738
4 743 741 572 716
4 740 717 573 739
4 743 718 746 574
4 719 742 740 575
4 745 747 704 560
3 561 744 705
4 706 742 747 562
4 744 746 563 707
2 708 749
2 748 750
2 751 749
2 750 567
4 755 753 552 728
3 752 553 729
4 755 730 766 554
4 752 731 754 555
2 732 757
2 756 758
2 759 757
2 758 559
3 544 761 720
4 545 721 760 762
4 722 763 761 546
4 762 547 765 723
4 765 724 767 548
4 763 549 725 764
4 726 550 767 754
4 766 551 764 727
2 808 769
3 809 768 770
3 771 810 769
3 773 811 770
3 812 775 773
3 771 772 813
3 814 778 775
3 774 815 772
3 800 777 779
3 776 783 801
3 802 779 774
3 778 803 776
2 804 781
2 782 780
2 783 781
2 782 777
3 787 785 824
3 825 784 791
3 826 798 787
3 784 786 827
2 828 789
2 788 790
2 789 791
2 790 785
2 816 793
3 794 792 817
3 818 793 795
3 794 797 819
3 820 799 797
3 821 795 796
3 799 786 822
3 796 823 798
4 801 803 856 776
3 857 800 777
4 814 803 778 858
4 779 800 802 859
2 780 805
2 806 804
2 807 805
2 863 806
3 768 848 809
4 769 810 808 849
4 809 850 770 811
4 771 813 851 810
4 852 772 815 813
4 811 773 853 812
4 774 815 854 802
4 812 775 814 855
3 817 840 792
4 816 818 793 841
4 817 794 819 842
4 821 843 795 818
4 844 823 821 796
4 820 797 819 845
4 798 826 823 846
4 822 820 847 799
4 825 832 784 827
3 833 824 785
4 834 822 827 786
4 787 826 824 835
2 788 829
2 830 828
2 831 829
2 830 839
4 824 833 835 872
3 873 832 825
4 835 826 846 874
4 875 827 834 832
2 837 876
2 836 838
2 837 839
2 838 831
3 841 816 864
4 840 842 865 817
4 818 866 841 843
4 867 845 819 842
4 820 845 847 868
4 869 844 821 843
4 834 870 822 847
4 823 846 871 844
3 849 808 888
4 809 850 848 889
4 890 810 849 851
4 850 811 891 853
4 855 853 812 892
4 893 813 851 852
4 855 894 814 858
4 895 815 852 854
4 880 800 857 859
3 881 856 801
4 854 882 802 859
4 883 803 858 856
2 884 861
2 862 860
2 863 861
2 862 807
3 840 865 952
4 864 866 953 841
4 954 842 865 867
4 866 955 869 843
4 844 869 956 871
4 957 867 868 845
4 871 846 874 958
4 959 847 870 868
4 875 873 832 944
3 872 945 833
4 875 946 834 870
4 872 947 874 835
2 877 836
2 876 878
2 879 877
2 951 878
4 883 936 881 856
3 880 857 937
4 858 938 894 883
4 859 880 939 882
2 885 860
2 884 886
2 885 887
2 943 886
3 889 928 848
4 849 888 890 929
4 850 889 930 891
4 893 851 890 931
4 932 895 893 852
4 853 933 891 892
4 895 882 854 934
4 892 855 894 935
4 897 1016 899 936
3 1017 937 896
4 1018 899 938 910
4 939 896 1019 898
2 940 901
2 900 902
2 901 903
2 902 1023
3 905 928 1008
4 1009 906 904 929
4 1010 907 905 930
4 1011 931 909 906
4 909 911 1012 932
4 908 907 933 1013
4 1014 911 934 898
4 910 908 935 1015
3 913 1000 952
4 1001 914 953 912
4 954 915 913 1002
4 955 914 1003 917
4 1004 917 956 919
4 957 1005 916 915
4 1006 922 919 958
4 916 959 918 1007
4 923 944 921 992
3 920 993 945
4 918 994 946 923
4 995 922 947 920
2 948 925
2 924 926
2 925 927
2 926 999
3 904 888 929
4 928 930 905 889
4 906 931 890 929
4 933 907 891 930
4 908 892 933 935
4 893 909 932 931
4 938 910 894 935
4 934 932 895 911
4 896 939 880 937
3 936 897 881
4 939 898 882 934
4 938 936 883 899
2 941 900
2 942 940
2 943 941
2 887 942
4 920 872 947 945
3 944 873 921
4 958 947 922 874
4 923 875 946 944
2 924 949
2 948 950
2 951 949
2 950 879
3 864 953 912
4 913 952 954 865
4 955 953 914 866
4 954 915 867 957
4 916 868 959 957
4 917 956 869 955
4 946 918 959 870
4 919 958 871 956
3 1000 600 961
4 962 1001 960 601
4 963 1002 602 961
4 962 965 1003 603
4 967 965 604 1004
4 964 1005 963 605
4 606 970 1006 967
4 1007 964 607 966
4 992 971 592 969
3 993 593 968
4 594 971 966 994
4 995 595 970 968
2 996 973
2 972 974
2 973 975
2 974 599
4 977 1016 979 584
3 1017 976 585
4 979 990 1018 586
4 587 976 1019 978
2 981 1020
2 982 980
2 983 981
2 982 591
3 1008 985 576
4 986 984 577 1009
4 987 578 1010 985
4 1011 986 989 579
4 991 989 1012 580
4 987 1013 581 988
4 978 1014 582 991
4 1015 990 988 583
4 968 995 993 920
3 921 969 992
4 1006 922 995 970
4 971 994 923 992
2 997 972
2 998 996
2 999 997
2 998 927
3 912 960 1001
4 1000 1002 961 913
4 1003 962 914 1001
4 963 915 1002 1005
4 964 1005 1007 916
4 1003 917 1004 965
4 918 994 1007 966
4 919 967 1006 1004
3 1009 904 984
4 1010 905 985 1008
4 986 906 1009 1011
4 907 1010 987 1013
4 988 1013 908 1015
4 1012 909 1011 989
4 1018 1015 990 910
4 1012 911 1014 991
4 896 1017 976 1019
3 1016 897 977
4 898 1019 978 1014
4 1016 1018 899 979
2 980 1021
2 1020 1022
2 1023 1021
2 1022 903
60 462
0
1 195 459
0
0
1 137 369
2 350 282 138 904
0
0
1 706 272
0
0
0
2 146 459 378 680
1 569 163
1 456 910
1 184 721
0
1 1000 571
0
2 416 415 511 642
2 325 349 371 481
0
1 346 171
1 485 695
0
1 681 96
0
2 694 680 487 293
2 463 719 690 727
1 42 692
2 457 389 525 197
1 729 431
0
1 25 487
1 321 474
0
1 527 144
0
0
1 688 914
1 602 529
1 719 165
2 715 272 668 602
1 623 414
0
1 78 485
1 665 307
1 153 433
0
2 694 460 274 849
0
2 370 724 969 288
2 394 281 522 395
1 248 430
0
0
1 128 385
1 319 570
0
1 401 737
0
0
0
0
0
0
0
0
0
0
0
0
0
0
0
0
0
0
0
0
0
0
0
0
0
0
0
0
0
0
0
0
0
0
0
0
0
0
0
0
0
0
0
0
0
0
0
0
0
0
0
0
0
0
0
0
0
0
0
0
0
0
0
0
0
0
0
0
0
0
0
0
0
0
0
0
0
0
0
0
0
0
0
0
0
0
0
0
0
0
0
0
0
0
0
0
0
0
0
0
0
0
0
0
0
0
0
0
0
0
0
0
0
0
0
0
0
0
0
0
0
0
0
0
0
0
0
0
0
0
0
0
0
0
0
0
0
0
0
0
0
0
0
0
0
0
0
0
0
0
0
0
0
0
0
0
0
0
0
0
0
0
0
0
0
0
0
0
0
0
0
0
0
0
0
0
0
0
0
0
0
0
0
0
0
0
0
0
0
0
0
0
0
0
0
0
0
0
0
0
0
0
0
0
0
0
0
0
0
0
0
0
0
0
0
0
0
0
0
0
0
0
0
0
0
0
0
0
0
0
0
0
0
0
0
0
0
0
0
0
0
0
0
0
0
0
0
0
0
0
0
0
0
0
0
0
0
0
0
0
0
0
0
0
0
0
0
0
0
0
0
0
0
0
0
0
0
0
0
0
0
0
0
0
0
0
0
0
0
0
0
0
0
0
0
0
0
0
0
0
0
0
0
0
0
0
0
0
0
0
0
0
0
0
0
0
0
0
0
0
0
0
0
0
0
0
0
0
0
0
0
0
0
0
0
0
0
0
0
0
0
0
2 487 27 587 415
0
0
1 277 930
0
1 577 326
3 347 762 762 738 717 486
1 321 227
0
0
0
2 641 96 353 392
0
0
2 267 43 743 122
1 629 717
2 544 667 265 767
0
0
2 684 669 312 934
0
2 5 234 696 681
1 571 366
2 761 581 291 458
1 384 251
1 498 222
1 620 240
1 328 368
1 373 624
0
3 684 471 511 549 348 326
0
1 761 338
1 125 426
0
1 50 161
0
1 505 313
2 466 366 269 163
1 124 474
1 617 282
1 251 738
2 866 267 97 687
0
0
0
1 439 430
2 289 2 143 349
0
1 194 43
0
3 469 723 190 401 531 323
1 470 128
0
0
0
1 650 499
0
0
2 466 221 687 96
