1029
0
31000
1667 15
1024
1 1
2 0 41
2 3 81
3 5 82 2
1 44
3 42 45 3
2 87 46
1 47
2 11 9
3 88 8 33
1 34
2 88 8
1 36
3 14 37 60
2 15 13
2 89 14
1 56
4 62 57 64 71
3 30 55 58
1 59
1 60
1 61
3 60 23 69
2 22 63
1 48
1 26
2 25 27
2 29 26
1 31
4 75 27 53 50
3 59 18 31
3 28 76 30
2 33 35
5 39 89 94 9 32
6 35 10 90 115 46 126
2 34 32
3 37 12 60
4 38 93 36 13
4 89 37 39 117
2 38 33
1 41
4 81 1 42 40
4 43 80 41 5
2 42 45
5 45 86 4 84 47
3 43 44 5
5 127 47 86 34 6
5 44 46 7 87 90
2 72 24
1 73
2 51 29
4 73 76 50 53
1 53
5 52 51 77 29 100
1 78
2 18 79
4 57 107 16 59
4 56 63 17 65
2 59 18
6 67 78 56 19 58 30
5 13 36 22 20 61
3 21 92 60
3 63 17 65
5 57 23 62 71 64
3 67 17 63
2 62 57
3 104 67 78
4 66 107 59 64
2 117 108
3 180 22 70
2 71 69
5 70 182 63 177 17
2 48 73
4 51 49 72 97
1 98
3 100 77 29
3 100 51 31
3 75 53 101
4 66 191 59 54
2 103 55
2 81 42
3 41 80 2
2 122 3
2 85 121
3 124 85 44
3 125 84 83
2 46 44
4 47 125 114 6
3 11 112 9
5 38 168 33 15 115
2 34 47
1 115
3 109 93 61
3 37 92 117
3 95 118 33
2 94 112
2 97 184
3 98 73 96
4 97 74 184 186
1 187
6 76 103 75 101 188 53
2 77 100
1 106
2 100 79
2 107 66
2 177 111
4 191 107 155 102
5 56 104 67 179 106
3 173 180 68
2 181 92
1 182
2 105 176
5 168 88 95 115 170
2 128 169
3 87 115 126
5 112 114 89 91 34
3 172 133 181
7 173 93 68 38 180 134 118
3 94 117 119
2 118 168
2 137 121
4 83 136 120 122
3 82 162 121
1 125
1 84
3 123 85 87
5 166 34 143 114 127
5 46 165 126 140 167
2 129 113
3 128 135 249
4 211 168 131 142
4 249 130 171 210
4 181 133 156 252
4 134 116 132 255
4 135 133 117 254
5 129 255 175 134 214
2 137 121
5 161 243 136 120 216
2 219 162
2 141 244
2 127 164
5 139 167 245 247 165
1 130
3 126 247 167
1 184
1 146
4 234 145 186 147
4 187 235 146 149
4 236 188 151 149
4 196 237 147 148
4 154 151 238 190
5 191 148 239 150 226
4 155 176 224 153
4 152 225 159 177
4 155 150 226 198
6 152 227 179 106 154 225
2 132 157
4 231 158 156 181
4 182 159 157 230
3 158 153 181
1 161
4 137 162 160 242
4 138 163 161 122
2 162 165
3 165 167 140
5 127 244 164 141 163
2 247 126
4 141 143 127 164
6 89 130 171 112 119 169
3 113 168 175
2 171 112
4 248 170 131 168
3 173 180 116
4 174 172 117 108
1 173
2 135 169
2 152 111
4 105 183 71 153
1 179
3 107 178 155
5 69 181 117 172 108
6 180 157 116 132 159 109
4 71 231 158 110
2 177 230
3 96 144 98
1 186
3 98 185 146
4 234 147 99 237
3 148 100 189
1 188
1 150
3 106 151 78
4 193 344 346 234
3 192 233 345
2 346 234
2 348 235
3 149 236 375
4 237 346 239 349
5 199 350 238 339 154
2 351 198
2 224 203
4 339 337 225 207
2 226 379
2 200 339
1 340
1 229
1 207
4 201 224 206 341
4 330 355 328 211
2 215 334
3 222 131 250
3 208 130 354
4 334 213 252 229
1 212
4 254 215 252 135
3 335 209 214
4 240 137 320 217
3 243 218 216
3 217 219 242
4 138 218 221 244
2 221 223
3 325 219 220
1 210
4 220 245 327 247
3 200 207 152
4 155 231 201 153
3 202 154 151
1 155
1 229
4 205 230 228 212
3 229 183 158
3 157 225 182
1 233
4 234 193 232 344
6 345 192 187 146 233 194
2 147 195
2 196 148
3 149 197 187
3 198 150 351
2 197 151
1 216
1 242
3 161 241 218
3 137 245 217
4 219 247 139 165
3 141 243 223
1 250
5 244 141 223 166 143
3 249 251 171
4 248 129 131 328
3 251 246 210
2 248 250
5 214 132 340 253 212
1 252
2 214 134
2 133 135
1 259
2 377 302
2 295 259
5 379 258 299 496 256
4 357 261 284 300
3 308 262 260
3 382 261 302
2 301 383
2 368 288
1 369
2 505 267
4 371 269 266 291
2 372 292
2 293 267
1 374
2 375 298
2 273 312
5 361 482 274 272 313
4 481 312 275 273
3 274 322 363
3 277 364 316
2 367 276
2 355 282
3 365 484 319
2 281 354
4 280 335 353 305
4 278 486 304 283
3 282 307 330
5 381 260 356 285 308
4 286 359 284 357
2 305 285
2 359 309
4 289 506 264 504
2 288 464
2 467 291
3 507 267 290
2 268 469
2 371 269
3 471 295 298
4 294 372 470 258
1 297
4 303 296 497 499
4 271 294 496 299
4 499 298 378 259
1 260
2 302 263
7 301 303 502 262 381 383 257
4 382 297 503 302
3 305 307 282
6 304 281 359 489 286 448
2 318 307
4 283 491 304 306
5 357 261 284 309 492
5 287 310 500 308 493
3 492 309 311
2 353 310
3 274 272 482
1 273
3 361 480 315
4 365 317 314 483
3 276 317 319
2 315 316
5 354 319 306 484 450
3 316 279 318
1 216
1 322
4 360 323 321 275
2 322 363
2 363 364
1 221
2 330 355
2 223 354
5 359 329 208 249 331
2 353 328
5 208 283 331 352 326
2 330 328
1 340
1 357
4 209 212 358 353
3 281 357 215
1 337
4 377 336 201 343
2 376 339
6 338 201 203 374 379 198
5 332 341 382 252 204
4 207 340 342 356
2 343 341
3 337 342 383
3 233 192 368
3 193 369 234
5 370 194 347 197 192
2 371 346
2 195 351
1 197
1 198
4 238 199 375 348
3 355 330 353
6 311 281 359 329 352 334
5 355 327 280 318 211
5 352 208 278 326 354
2 284 341
6 358 285 308 260 333 335
3 357 334 359
6 305 353 287 358 328 285
2 361 322
3 273 314 360
1 363
5 324 275 362 323 365
4 367 324 365 276
4 363 364 279 315
1 367
3 277 364 366
2 344 264
2 345 265
1 346
3 347 293 267
4 375 373 268 295
1 372
3 339 270 378
4 196 271 351 372
2 377 338
3 337 257 376
3 299 379 374
4 259 339 378 202
1 381
4 302 284 382 380
5 383 303 262 381 340
4 343 302 263 382
1 424
4 464 665 425 667
2 424 426
3 665 667 389
4 391 389 668 427
4 388 669 671 387
1 391
6 692 388 431 470 390 671
4 393 663 418 656
5 703 657 392 417 399
3 658 395 475
6 394 417 474 430 419 659
3 676 660 404
5 423 663 421 652 661
5 422 420 399 701 662
3 393 663 398
4 403 401 440 447
5 441 400 649 448 446
2 442 647
1 400
6 444 652 446 677 700 396
4 445 452 406 653
1 405
1 655
3 681 640 434
3 433 641 435
2 411 683
2 410 435
3 413 436 644
2 412 439
1 646
1 439
3 479 472 497
3 395 663 393
3 670 474 392
4 475 395 658 473
3 476 478 398
3 477 397 662
3 398 423 478
2 422 397
3 386 384 464
4 426 385 664 504
5 425 464 386 665 466
3 467 388 506
2 511 431
1 469
2 395 470
4 428 508 391 471
1 433
2 409 432
4 408 461 435 643
5 437 411 409 459 434
3 439 412 437
2 436 435
1 442
5 436 486 413 415 463
3 448 443 400
1 401
3 402 438 450
2 490 440
4 404 445 500 452
5 652 446 654 444 405
4 404 447 445 401
2 400 446
6 449 401 440 451 488 305
1 448
5 442 318 462 451 490
2 448 450
4 453 405 444 476
2 452 454
2 455 453
1 454
1 480
1 481
1 482
2 435 484
3 484 463 461
3 485 434 460
2 463 450
4 487 460 462 439
5 504 385 424 426 289
1 505
2 506 426
3 290 427 507
1 469
4 509 429 468 292
5 430 295 391 471 510
3 294 470 431
2 416 496
2 497 419
3 418 498 395
3 394 419 499
4 500 477 452 420
3 476 478 421
5 422 420 477 479 502
3 416 496 478
3 456 314 481
4 482 480 457 274
5 483 312 481 458 273
2 315 482
4 459 318 460 279
1 461
3 490 282 439
1 463
1 448
1 305
3 443 486 450
1 307
2 308 310
2 494 309
2 493 495
1 494
5 499 259 472 298 479
3 416 297 473
3 474 499 510
5 496 475 297 498 299
3 476 444 309
1 502
3 478 501 302
1 303
3 464 425 288
3 266 506 465
5 427 466 507 288 505
4 291 506 467 509
2 431 509
3 508 507 469
3 498 470 511
2 510 428
3 515 513 559
4 519 512 555 633
4 632 606 634 631
2 752 512
2 540 597
3 637 639 557
3 633 558 757
4 639 559 513 632
2 544 761
2 545 600
1 523
3 522 627 525
1 525
6 551 524 549 629 604 523
3 767 527 550
3 549 526 766
2 568 737
3 576 617 530
5 529 618 573 616 531
3 533 619 530
2 533 622
4 532 573 531 621
3 622 611 574
3 575 562 740
1 560
2 609 561
2 747 562
3 563 609 611
5 541 749 612 564 516
5 615 540 542 613 636
2 541 612
3 567 615 585
3 721 520 760
2 521 761
2 762 760
1 763
1 551
3 527 765 525
2 766 526
3 525 548 767
2 553 555
2 559 552
2 731 555
5 552 753 634 513 554
2 756 708
2 517 757
2 518 758
5 759 757 512 553 519
3 744 563 536
6 711 745 537 750 747 567
4 563 535 538 574
5 560 704 745 539 562
3 540 565 748
2 614 564
1 750
3 543 561 705
2 736 528
2 712 737
2 619 571
3 570 573 737
2 740 742
5 533 530 619 571 741
7 740 719 562 610 575 534 747
2 535 574
3 577 529 984
4 576 985 578 617
2 577 986
2 619 987
1 620
2 989 621
1 622
3 991 989 623
4 608 1017 615 976
2 543 609
4 610 1014 587 978
1 586
4 980 614 589 596
2 590 588
1 589
2 615 983
3 632 595 593
2 592 599
3 606 1006 595
3 633 594 592
3 972 588 636
3 637 516 998
1 599
5 975 593 993 598 639
2 624 521
1 625
1 626
1 605
6 966 605 1007 628 525 607
5 967 604 603 1003 965
5 966 514 607 964 594
4 631 965 606 604
2 584 609
4 585 608 537 539
3 586 574 622
2 534 539
2 540 542
1 541
3 565 615 588
5 584 541 591 543 614
2 530 617
3 577 616 529
1 530
4 531 570 573 579
2 623 580
2 581 533
5 623 610 582 534 532
3 583 620 622
2 625 600
3 626 624 601
3 602 625 627
2 626 523
3 965 604 967
1 525
2 634 970
2 514 607
4 519 592 635 514
4 595 968 513 518
4 635 555 514 630
2 634 632
3 637 541 596
3 636 517 597
1 639
4 517 638 599 519
2 408 641
3 681 640 409
2 680 643
5 684 722 434 645 642
2 645 412
3 685 644 643
5 414 727 686 650 647
2 402 646
2 651 649
4 401 673 655 648
2 651 646
4 648 673 675 650
4 678 397 404 445
4 654 405 677 700
6 445 735 653 733 655 678
5 654 729 407 649 679
1 392
1 393
2 419 394
2 395 697
3 709 396 700
1 397
3 398 702 421
5 397 703 399 417 392
3 665 425 688
6 426 385 689 664 712 387
3 667 693 690
3 666 387 385
2 694 388
2 693 389
2 671 418
4 389 695 670 391
2 730 673
4 672 649 729 651
1 675
2 651 674
2 677 396
4 733 676 404 653
3 654 734 652
1 655
2 681 642
4 641 680 682 408
4 683 681 763 720
3 682 723 410
2 643 687
1 645
5 754 731 687 726 646
4 684 686 766 727
2 714 664
1 665
1 666
1 693
5 716 743 391 741 693
5 691 669 666 692 717
6 695 668 707 698 746 718
3 694 719 671
2 747 697
5 710 696 703 705 659
3 694 706 699
2 698 705
5 756 701 404 653 660
4 709 398 700 711
1 662
4 711 697 393 663
4 563 707 744 705
6 697 750 699 567 745 704
2 744 698
3 704 694 745
3 732 748 556
5 710 751 701 660 749
3 709 697 750
5 703 749 701 751 561
3 713 665 569
4 714 737 739 712
4 688 738 715 713
2 717 714
2 742 692
4 693 715 738 741
1 694
3 695 574 743
3 721 762 682
3 720 544 722
3 643 721 723
4 725 763 683 722
3 764 725 727
3 724 765 723
2 766 686
4 646 724 687 767
3 729 731 752
4 728 758 655 673
4 754 752 731 672
6 755 766 730 728 686 554
3 708 733 756
4 757 654 677 732
3 735 758 678
3 654 752 734
2 737 568
5 713 569 571 736 528
2 717 714
2 713 741
4 574 535 741 572
5 739 740 717 573 692
3 716 572 746
2 719 692
4 706 747 704 560
4 563 707 705 561
3 742 747 694
6 696 746 744 574 538 561
2 708 564
3 540 709 711
4 566 561 710 705
2 711 709
4 730 728 735 515
2 555 759
2 730 686
1 731
3 556 700 732
4 557 559 518 733
4 734 759 558 729
3 753 758 559
3 544 761 546
4 545 760 762 520
4 720 761 763 546
4 682 723 762 547
1 724
2 725 549
5 687 726 550 527 731
3 727 526 551
1 808
2 848 809
1 810
2 811 850
2 775 773
3 815 772 813
1 814
2 772 802
1 800
2 806 801
2 779 854
3 858 778 803
1 804
1 805
2 783 806
1 782
1 787
1 791
2 787 798
3 827 784 786
1 789
2 788 829
1 830
2 785 831
1 816
1 794
2 793 795
3 794 845 797
2 820 819
4 818 795 844 821
3 786 799 822
3 821 826 798
4 803 883 801 776
4 777 880 859 800
2 803 775
4 859 802 779 800
4 805 780 828 862
4 781 884 806 804
4 807 782 777 805
1 806
3 768 848 809
3 769 810 808
4 891 850 770 809
4 852 813 771 893
3 895 893 813
4 811 812 853 773
3 854 774 859
3 773 892 855
3 842 840 792
1 841
2 819 797
5 843 818 821 796 866
4 821 869 796 823
6 797 820 819 847 845 799
1 798
2 820 847
1 827
3 835 838 831
2 827 799
4 826 824 835 787
2 804 829
6 876 839 828 830 789 860
5 838 831 877 790 829
3 825 830 791
2 874 872
1 873
1 874
3 825 827 875
2 949 876
1 838
5 878 825 830 837 839
4 877 838 945 829
2 816 841
4 840 865 817 842
4 869 816 841 843
2 819 842
3 847 797 867
3 821 795 955
2 870 875
4 823 821 844 871
3 888 769 808
2 889 850
6 849 771 888 851 810 890
2 850 853
3 855 811 935
4 893 851 895 813
3 814 778 894
4 815 932 852 895
3 937 859 882
1 881
3 859 934 779
6 856 801 803 858 814 883
2 884 829
1 885
2 804 886
1 887
2 913 865
2 841 864
3 867 915 819
3 869 844 866
1 871
4 867 957 842 820
4 958 871 846 874
4 847 868 870 959
4 875 946 944 832
2 833 945
5 870 946 875 832 834
4 874 846 872 835
3 829 948 836
3 830 839 878
4 838 927 950 877
1 951
4 899 801 883 943
2 857 937
3 883 894 856
6 859 800 937 882 880 939
5 940 805 885 860 949
5 948 861 886 884 943
3 862 887 885
3 886 863 941
2 850 848
3 931 849 929
1 850
2 893 810
2 815 895
6 853 930 812 891 933 811
4 895 934 882 854
7 853 933 855 812 894 935 892
4 936 897 899 1018
3 896 939 942
1 899
5 1019 898 896 939 880
1 924
2 1021 902
2 940 901
3 936 943 1023
2 928 1008
1 906
4 933 905 928 907
2 906 909
2 1012 931
3 907 933 1015
1 1014
2 935 990
3 1002 1000 952
4 960 864 953 1001
2 915 957
5 955 953 866 914 1003
1 1004
4 963 957 1005 954
2 967 1006
2 1007 1005
3 992 921 923
2 920 927
2 923 944
2 922 920
5 950 925 1021 948 900
2 926 924
2 925 927
5 951 921 999 926 878
3 904 1009 906
2 889 1008
2 893 931
4 908 889 933 930
3 933 935 855
6 931 906 893 909 895 932
2 858 894
4 852 895 911 932
3 1019 896 903
4 943 881 883 856
1 939
5 1016 938 897 883 899
4 948 902 941 884
3 942 887 940
3 1023 897 941
4 880 903 885 937
4 922 872 947 945
5 999 839 873 944 951
2 872 874
1 944
6 924 1020 940 885 997 876
3 884 836 950
5 951 949 924 878 999
5 998 879 950 945 927
1 912
3 1002 913 915
2 955 917
3 845 915 954
1 959
4 917 1004 869 914
1 870
2 956 871
2 913 1000
1 1001
2 1005 963
3 962 965 917
3 1006 606 967
4 607 628 605 963
4 604 1006 967 606
5 628 966 605 918 964
4 969 633 994 971
3 968 975 998
2 971 630
4 995 1006 970 968
4 973 596 998 996
1 972
1 975
4 999 969 974 599
1 584
2 1019 983
4 979 586 990 1018
2 978 1019
3 981 1020 588
3 980 1021 982
1 981
3 977 1023 591
2 1008 576
1 577
3 578 1010 1008
2 1011 579
2 1012 991
3 583 1015 581
3 1014 911 978
4 1013 583 1015 988
1 920
2 999 599
2 968 1006
1 971
1 972
2 948 998
6 972 951 597 969 997 999
6 945 993 927 975 998 950
3 960 912 1001
4 1000 913 1002 961
4 912 1001 1003 953
4 915 1005 1002 605
4 957 916 1007 1005
5 1004 917 1003 962 919
7 994 964 1007 918 594 971 966
4 919 1004 1006 604
4 984 904 986 929
2 1010 928
2 986 1009
1 987
3 908 1013 988
2 1012 991
3 910 990 586
3 909 989 991
2 1019 939
2 1023 584
2 896 978
5 899 936 979 1016 977
2 948 980
3 901 981 924
1 1023
5 1022 983 1017 942 903
60 182
82 871 343 792 416 821 341 77 123 908 94 87 490 811 38 44 334 1013 134 190 46 812 118 888 170 844 342 222 404 330 645 495 643 136 356 221 495 446 549 98 221 889 93 78 87 962 399 962 496 76 139 120 400 967 393 406 545 445 606 356 551 911 134 819 301 121 401 794 341 184 220 453 544 217 451 2 354 352 601 911 13 1 492 55 1 440 601 4 407 87 448 823 296 43 443 237 240 74 165 283 725 960 496 955 496 443 550 894 14 1002 343 189 42 83 450 167 451 769 254 842 500 908 208 955 416 137 492 492 681 221 281 818 341 310 526 1008 173 77 220 407 682 991 251 797 340 796 259 854 88 103 165 51 85 72 216 151 246 165 494 493 548 151 165 127 491
85 817 501 870 381 1015 119 1012 90 77 41 127 282 1002 263 1007 343 122 405 817 256 455 641 813 215 965 342 82 491 198 0 775 134 815 254 453 524 770 215 79 1 845 397 5 404 334 684 402 764 852 113 308 545 775 173 865 377 242 492 41 444 1012 252 218 494 846 303 24 6 331 724 193 136 193 83 891 9 55 218 1005 497 160 491 905 114 236 162 952 382 892 174 812 252 77 167 1015 255 237 44 187 1 85 403 869 376 891 252 1010 8 161 491 77 124 218 490 198 122 792 500 821 337 864 420 441 602 821 501 359 642 821 256 334 520 284 548 866 297 810 88 957 479 127 354 917 502 912 343 816 260 1013 249 147 220 197 45 488 550 311 764 1010 116 150 218 332 544 238 142 453 647 1003 394
85 356 600 304 625 304 763 43 442 245 451 235 142 967 262 125 403 197 122 245 489 243 328 217 335 930 113 185 245 223 359 812 135 141 353 236 1 400 605 189 241 914 377 918 341 330 726 138 335 98 246 150 85 447 727 775 115 96 87 846 395 0 354 930 37 102 164 960 395 1010 35 1004 343 443 720 191 164 1006 498 1012 130 962 423 915 477 44 357 328 682 311 642 796 303 850 128 137 331 850 210 216 451 1008 253 768 175 985 35 917 393 865 379 243 492 357 722 822 421 911 175 332 723 847 258 220 491 823 337 328 545 449 607 813 129 866 376 148 5 452 642 149 140 814 90 910 114 235 160 815 208 166 284 121 332 453 625 906 112 311 763 26 241 854 135 451 680 964 416 1015 89 7 328
65 192 167 285 767 407 767 247 440 798 336 868 342 53 126 147 41 223 446 96 122 45 442 53 85 910 135 124 354 819 496 812 251 31 1 770 129 280 626 490 630 220 280 406 550 450 605 334 628 888 215 769 175 44 440 41 405 816 421 845 399 904 113 0 491 773 211 443 680 816 379 185 141 330 548 958 379 442 725 957 340 494 725 45 281 987 91 851 91 1001 260 26 216 283 600 307 765 895 248 238 121 85 494 957 300 218 492 821 302 29 44 137 287 356 763 4 445 491 642 282 766 352 724 220 490 234 122 919 337 160 489
76 198 43 26 7 309 765 42 442 197 122 988 117 0 283 919 423 163 285 98 217 772 170 167 454 842 398 402 684 495 767 101 218 198 243 962 473 815 35 354 524 307 604 333 724 932 12 823 498 53 45 446 546 191 47 813 114 490 626 283 764 848 253 770 209 400 607 1014 35 167 280 954 472 245 330 814 119 7 353 3 402 952 476 930 10 890 211 866 300 143 307 1004 503 2 489 795 263 817 260 31 85 965 474 218 454 823 297 6 352 6 492 245 493 906 118 193 44 82 453 186 161 144 84 988 253 52 246 79 136 912 336 232 223 1004 498 243 407 793 299 966 341 217 306 443 647 146 162 990 118 334 631 935 172
90 308 600 403 625 913 382 405 521 840 302 354 527 197 246 76 120 452 686 815 134 444 766 771 15 51 46 124 441 28 138 798 501 194 44 286 762 1014 112 142 440 930 116 449 725 488 600 441 727 198 247 909 249 960 477 989 34 127 400 233 1 79 44 244 443 852 39 247 280 1006 476 820 394 137 449 43 449 793 379 144 139 912 475 7 332 810 11 815 88 444 601 769 117 184 222 932 251 72 247 852 135 957 472 127 443 185 40 29 3 236 80 195 124 406 685 196 127 440 687 221 494 792 399 929 11 217 308 160 309 54 82 136 407 29 45 852 215 491 606 988 39 918 503 193 120 851 14 870 336 928 134 799 418 1005 342 184 245 952 393 930 209 359 544 29 45 164 285 910 32 144 121 454 761 908 92 917 381 235 7 163 404
66 287 625 840 383 908 10 991 38 233 47 986 114 913 395 1005 423 99 44 216 310 864 499 122 308 848 9 1000 258 774 117 147 141 965 392 849 175 84 494 962 479 305 764 31 3 75 137 443 544 933 251 51 141 72 160 40 306 866 339 136 445 53 246 915 421 985 32 137 280 141 286 122 309 81 308 915 377 928 215 964 258 891 15 358 724 149 163 334 521 28 85 808 254 854 12 821 262 814 92 84 454 451 549 916 379 243 283 911 255 239 84 454 645 165 283 139 287 220 450 967 259 73 47 358 605 452 722 217 441 26 5 440 523
84 356 527 239 163 305 527 145 222 796 479 846 477 45 404 161 304 845 377 166 406 910 251 495 603 775 135 905 12 184 162 47 445 811 39 1014 10 888 92 442 722 145 0 232 136 406 607 235 136 772 33 492 522 890 248 121 333 864 339 853 213 933 251 244 304 844 477 166 405 80 286 1011 113 142 443 1008 209 775 213 986 171 404 549 929 168 27 124 46 454 1006 262 186 221 0 443 850 36 167 287 353 628 915 502 445 647 871 340 217 401 148 241 967 300 953 379 450 624 817 395 83 443 242 448 895 92 1013 173 25 136 218 441 199 3 406 548 840 343 770 32 854 169 407 600 165 447 912 422 771 130 197 0 967 397 161 330 149 221 916 497 82 353 165 356 100 139 40 329 49 41
85 871 501 909 173 850 115 188 122 844 343 52 42 962 420 192 244 1010 37 125 446 333 628 31 5 905 39 448 682 305 724 1011 112 488 685 909 32 236 242 489 550 819 503 195 160 220 446 280 544 197 166 919 498 47 310 127 358 31 141 988 10 793 261 220 494 145 163 161 328 44 453 849 32 449 544 929 8 986 15 815 32 330 527 909 171 102 80 919 336 98 142 137 357 890 131 823 296 148 143 987 129 400 625 147 4 194 240 798 341 48 2 149 126 87 445 126 358 199 245 72 244 49 0 87 333 869 339 163 491 304 762 184 5 793 342 239 81 809 212 851 112 446 524 1009 92 46 281 145 6 774 252 328 550 100 247 444 725 888 38 3 281 81 488 50 1 985 36 198 243 165 358
76 864 378 76 162 147 4 810 250 149 244 77 126 2 352 234 139 494 625 894 170 232 123 280 525 77 1 309 720 990 131 223 454 354 604 126 328 4 287 449 545 440 725 815 211 53 3 773 37 217 356 79 46 910 14 25 142 235 83 86 400 440 642 120 402 54 7 305 686 870 382 73 139 356 767 47 304 866 399 72 124 188 160 246 444 29 124 935 14 309 551 840 258 907 129 30 40 242 287 148 165 403 603 403 524 454 721 911 11 221 442 164 335 916 421 915 379 162 401 356 724 45 454 353 725 775 15 145 164 492 520 185 167 854 114 1008 133 843 502 1005 303 817 477 97 4 871 479 75 244 870 376 956 343
75 445 680 867 500 768 249 217 357 1013 113 356 547 793 296 216 489 855 209 955 392 122 451 125 400 147 221 956 397 965 478 246 490 0 333 245 400 1013 131 906 208 985 113 488 680 281 607 1012 211 124 285 83 329 74 120 404 524 144 0 281 642 27 82 124 450 769 208 244 489 5 406 451 550 451 603 844 422 101 1 845 303 905 8 28 120 282 522 795 417 160 306 127 359 934 213 489 687 955 339 967 297 123 452 356 523 0 286 86 359 82 453 241 407 794 416 893 90 449 760 196 163 953 474 167 454 1014 117 406 720 851 113 849 171 985 254 329 641 44 449 195 123 161 494 195 221 353 686 846 503 957 394
85 352 766 143 451 246 332 246 444 401 683 142 356 955 500 495 631 808 132 915 262 31 243 451 548 122 454 1005 379 151 242 232 160 816 256 353 629 1006 303 847 417 79 164 283 626 1010 9 403 762 917 299 894 10 811 210 98 240 188 216 166 330 956 378 1002 474 3 490 45 403 795 496 493 640 192 40 332 550 330 551 223 287 965 477 189 165 1013 94 80 309 246 359 843 378 242 492 138 494 492 766 44 356 237 3 845 475 840 343 768 215 196 4 908 116 97 81 889 131 1012 255 794 398 188 166 52 42 234 137 332 722 80 328 305 606 241 335 353 765 892 118 930 212 54 244 959 499 217 358 455 685 195 141 332 603 359 686 28 219 962 503 955 479 447 640 333 525 492 683 865 479 796 382
79 864 256 792 473 354 723 442 624 141 333 931 172 149 220 304 682 83 356 890 94 309 526 932 91 455 686 989 215 988 214 961 503 353 643 139 353 442 551 442 551 287 624 238 241 400 641 821 422 400 767 244 490 489 602 841 416 187 242 238 122 150 243 775 34 243 441 871 299 1012 34 50 242 932 249 810 210 400 722 930 250 123 355 888 32 930 255 893 117 74 217 844 420 809 172 852 119 934 92 895 171 991 214 818 337 1014 171 855 115 445 767 894 14 235 139 217 444 1 450 988 208 796 394 866 422 400 720 931 39 895 10 47 286 455 722 770 174 311 722 234 84 141 286 306 686 988 8 447 683 850 129 189 84 815 89 957 503 27 125
75 494 766 1007 396 1 284 818 258 491 680 817 378 220 307 962 260 142 407 165 334 122 453 99 120 891 170 854 90 819 379 840 263 450 722 893 91 304 544 400 681 49 223 237 246 163 354 187 220 814 119 222 455 307 549 407 765 284 600 72 121 798 263 852 14 31 126 986 129 44 306 771 210 333 625 1012 37 218 443 149 46 99 46 847 302 120 356 74 82 1006 336 917 422 45 328 124 443 931 119 847 301 244 282 913 336 934 33 328 766 219 333 330 726 242 446 864 342 239 223 50 243 966 338 962 343 218 358 963 260 916 336 855 91 1006 299 913 302 910 12 819 376 793 499 492 627 283 606 333 548 221 450
84 165 353 194 246 51 42 848 36 356 628 957 298 965 301 218 331 848 116 28 41 102 166 217 455 854 215 929 252 495 642 931 213 40 448 3 401 143 308 868 399 984 128 148 142 492 601 167 358 285 522 241 407 961 394 233 84 488 601 161 356 965 392 332 640 964 496 1004 420 984 13 798 257 819 340 24 125 453 685 143 453 223 445 448 645 866 418 911 94 915 398 967 499 955 336 142 447 913 420 329 724 122 333 769 212 852 32 141 334 932 135 24 46 310 551 488 641 26 243 217 405 401 647 444 606 1 358 952 301 908 11 24 136 197 143 850 13 985 114 929 9 140 493 161 400 809 128 907 38 928 113 812 208 407 724 869 299 122 304 815 209 918 479 845 337 101 161 1000 478
80 798 398 332 721 930 131 816 263 852 172 151 136 358 724 1009 32 188 140 868 376 955 499 850 39 190 216 53 165 957 474 222 332 488 526 913 496 0 311 307 605 43 441 246 333 284 606 793 262 185 5 912 419 75 242 160 488 775 214 846 343 871 472 235 3 775 130 990 209 404 525 890 129 239 136 406 682 28 83 892 119 954 376 51 163 191 87 198 162 199 141 137 306 306 723 491 520 2 443 335 600 488 721 42 453 453 685 455 727 43 453 160 283 99 241 148 84 847 261 492 607 404 527 51 143 87 492 848 119 967 398 818 378 914 298 822 263 280 723 96 84 232 43 811 253 28 41 223 357 331 642 306 682 189 0 160 494 775 94 961 379
107 50 6 233 142 960 261 1007 302 243 400 355 549 443 764 916 479 139 404 331 761 965 343 960 500 962 260 958 418 966 342 495 641 148 140 166 450 86 284 866 341 445 765 331 725 446 525 889 114 449 525 184 42 189 141 281 764 401 522 334 727 404 631 189 43 141 454 188 42 28 142 281 686 233 4 147 218 984 8 491 643 1000 398 121 449 44 281 809 209 771 9 187 219 405 603 450 607 955 421 851 33 188 127 216 400 815 131 454 551 198 122 848 209 54 0 488 720 848 173 185 221 245 334 823 297 125 444 907 92 816 378 447 645 149 80 964 263 852 38 848 132 895 117 308 550 865 340 221 353 242 281 1007 421 908 118 454 684 6 404 187 1 793 501 79 139 864 257 330 724 991 35 906 91 405 722 220 286 929 39 53 123 285 724 55 161 160 455 869 396 888 36 889 249 53 240 236 143 771 251 81 494 405 680 42 335 870 378 1009 253 166 332 910 249 1008 254
77 919 395 986 212 773 114 870 383 929 38 284 684 844 340 280 631 934 37 48 240 85 401 444 545 854 36 963 392 306 681 855 210 5 306 440 720 0 357 217 281 841 419 304 641 2 353 769 39 165 401 223 447 893 91 991 252 444 726 888 32 954 422 234 142 967 499 218 450 961 262 136 353 333 624 913 416 816 503 495 646 96 126 852 174 816 392 912 500 840 376 988 250 868 257 305 627 141 440 124 352 122 488 27 216 26 87 454 631 489 605 1005 380 99 243 282 725 194 2 240 403 871 341 988 36 911 88 310 685 27 166 853 252 241 284 53 167 935 171 845 259 51 4 233 45 309 766 282 603 840 499 82 491 935 33
93 1005 343 773 132 282 607 869 498 851 14 1001 497 810 113 491 725 80 489 851 39 330 525 449 722 934 249 6 444 853 175 402 681 808 13 453 765 904 209 26 139 4 492 328 630 493 682 139 304 819 376 282 546 84 402 304 763 283 605 915 396 815 9 3 357 239 136 78 6 151 121 952 336 0 357 196 121 285 521 78 167 865 418 283 681 27 162 820 396 935 211 97 83 120 495 775 33 309 523 407 641 449 629 1009 253 199 41 846 421 309 763 281 630 237 81 239 81 2 446 147 242 821 396 799 474 121 309 841 260 75 221 955 423 247 280 442 681 138 354 235 222 223 281 239 220 770 132 402 604 488 601 166 309 401 686 988 172 449 641 849 32 49 138 280 643 286 761 221 449 42 453 822 423 100 2 100 167 770 34 195 162 42 400 932 10 953 338
71 935 251 797 342 916 300 77 221 442 549 1006 302 198 137 818 298 146 6 308 603 75 124 813 248 306 762 841 474 1007 341 220 489 238 218 809 172 868 337 895 215 400 525 841 376 809 251 49 4 125 446 890 8 918 299 126 334 870 421 283 600 75 85 42 331 1 452 54 139 845 300 794 423 489 606 904 171 287 722 448 723 332 764 163 334 840 499 75 7 243 280 816 263 770 93 961 378 164 282 771 168 223 352 494 525 73 217 918 263 488 646 186 246 961 478 812 11 120 283 151 244 283 646 101 44 893 14 796 475 960 421 908 34 138 335 907 15 72 81 1007 383 43 492
91 845 262 328 643 965 393 904 94 98 164 813 12 797 498 956 337 5 444 768 89 823 256 218 306 771 255 847 259 815 90 905 90 811 116 51 127 890 212 1 280 103 3 915 383 906 8 910 89 930 89 811 131 138 332 146 121 841 299 1008 128 27 123 187 120 768 214 810 210 31 83 46 355 773 248 811 119 285 763 219 489 46 307 144 222 42 454 76 222 841 421 841 342 965 342 199 139 773 172 960 473 328 548 143 488 144 240 164 355 304 646 1007 392 310 761 913 379 773 135 85 307 854 8 190 126 237 81 919 476 146 219 810 36 195 1 284 524 234 4 911 249 24 246 50 83 490 645 768 210 124 495 820 382 443 725 893 11 853 11 220 335 184 42 150 218 281 764 494 726 911 38 866 392 305 764 929 174 1012 208 162 440 1008 208
80 355 522 141 443 120 356 30 241 167 281 75 243 281 524 932 250 990 211 445 724 331 684 122 448 45 281 866 396 222 445 814 114 163 329 495 687 907 14 959 474 844 503 1007 416 2 328 407 762 892 112 966 257 774 11 43 306 450 629 889 208 772 35 191 137 304 647 311 687 237 247 281 523 43 445 283 631 167 306 797 420 26 86 101 167 490 646 918 422 223 402 165 328 192 3 332 521 808 38 852 129 798 423 304 685 145 47 935 248 889 15 187 160 358 685 42 355 140 446 239 127 893 128 125 402 889 134 87 358 1007 379 905 208 191 44 796 381 952 499 808 173 888 215 821 392 888 169 771 89 123 282 448 545 74 163 909 32 352 624 184 243
90 332 625 406 763 822 498 187 166 797 339 815 36 814 38 893 8 869 300 963 342 100 217 355 628 55 2 3 285 138 445 102 241 26 46 75 83 770 133 988 113 52 216 0 287 823 416 987 212 854 33 160 355 815 254 451 523 141 353 29 3 866 419 852 170 841 261 46 403 232 167 352 523 792 296 140 333 445 762 136 304 329 546 102 80 284 523 808 10 287 721 162 334 245 440 849 248 869 497 1 311 844 298 864 399 101 44 45 355 894 249 140 453 842 336 846 260 774 38 41 309 85 304 911 130 792 501 984 135 331 726 310 681 285 727 82 335 929 214 849 34 356 522 306 640 41 491 851 215 488 725 220 352 41 449 1000 257 219 329 963 501 199 247 190 222 929 10 197 140 907 250 101 245 915 502 187 42 103 46 167 281
97 988 249 127 357 142 490 233 86 770 130 402 544 935 254 490 682 286 761 823 260 48 143 43 284 930 254 334 686 407 626 889 14 281 625 911 9 448 680 125 332 814 94 797 263 894 116 984 172 164 308 193 222 120 306 144 244 440 640 854 114 989 116 246 495 232 44 816 303 29 161 403 682 441 687 194 80 97 84 247 441 871 343 814 253 821 498 400 625 188 4 984 32 185 40 137 357 6 449 488 762 914 339 244 442 82 305 909 171 400 761 405 685 495 627 819 395 198 126 810 128 78 121 986 118 161 442 819 257 50 167 1005 340 775 255 989 94 217 304 101 7 956 501 991 132 933 215 775 37 83 285 1009 37 44 445 956 259 26 40 73 162 358 546 989 9 773 133 1008 117 284 625 1003 377 3 443 43 335 1008 210 895 90 918 260 234 44 358 603 5 359 447 684 308 685 808 94
74 85 405 82 400 0 401 284 544 452 685 148 137 933 39 912 341 455 602 244 359 46 328 796 479 770 130 1006 475 889 255 83 402 329 761 48 218 218 304 72 40 889 15 494 681 185 243 958 339 138 287 964 399 1000 420 907 254 53 245 243 488 335 722 867 393 770 253 193 87 25 80 772 14 198 160 1009 208 959 382 280 722 793 343 1005 396 935 15 821 418 139 357 41 446 846 478 164 309 26 137 855 11 448 764 140 488 330 684 233 220 928 211 329 726 307 642 186 161 489 684 407 680 855 132 917 499 455 605 1015 211 772 91 6 353 823 496 890 133 137 451 911 93 957 416 891 119 242 310 218 400
80 199 244 771 39 26 83 1005 336 335 625 451 680 165 357 141 447 76 162 142 306 310 765 918 420 245 333 1009 33 1007 397 162 440 47 444 954 422 407 544 455 725 810 39 42 494 189 242 892 33 850 130 1003 339 31 221 919 497 139 455 817 501 85 441 75 241 888 8 1007 500 79 160 79 244 929 253 0 441 854 39 233 243 247 308 907 250 160 354 917 257 52 6 103 125 189 166 281 644 139 488 440 681 403 724 935 34 310 724 916 499 906 210 308 761 450 551 793 341 403 525 355 525 125 311 930 253 147 127 989 90 489 548 889 88 891 135 820 298 285 550 455 527 917 343 122 442 822 378 121 488 355 763 141 305 916 340 306 520 448 601 956 376
90 220 357 240 358 100 220 247 494 42 281 86 406 310 628 42 282 138 404 122 444 331 526 491 549 53 124 120 447 956 379 86 280 148 221 150 241 1001 498 768 32 869 336 310 525 304 628 188 218 912 498 1014 169 774 249 47 405 822 259 306 721 848 209 354 600 53 41 493 681 1008 37 494 642 955 380 799 473 450 630 138 441 163 455 443 605 935 250 101 45 138 359 794 340 189 218 241 356 894 90 137 304 853 255 819 381 353 641 851 118 238 121 447 726 961 497 309 527 136 401 809 118 83 354 797 423 1 334 794 393 356 761 147 218 1009 254 890 215 961 256 810 129 308 627 934 131 991 14 852 112 444 624 146 47 235 143 238 86 850 254 822 259 334 601 868 422 220 304 1012 211 163 333 197 216 445 646 817 418 147 142 405 760
85 284 551 1013 131 138 353 195 0 871 498 990 169 891 11 1004 341 989 9 447 524 97 4 237 122 239 217 811 112 223 453 446 642 236 242 797 397 1009 15 1002 421 889 93 775 112 164 286 905 248 52 137 120 453 769 213 163 452 953 423 494 629 40 356 814 94 495 646 25 162 304 524 852 91 120 281 103 41 284 524 819 261 330 548 840 341 935 38 963 396 120 359 73 82 809 210 933 211 893 251 240 334 193 244 811 132 907 134 957 303 909 92 166 453 774 117 25 47 356 680 232 47 29 136 816 478 149 162 990 134 960 383 357 524 78 120 77 121 919 303 96 247 810 112 234 140 849 249 161 445 440 767 329 545 850 175 1009 134 494 724 402 762 775 215 220 354 866 475 961 298 86 407
85 234 139 161 454 166 332 957 499 308 601 218 304 935 12 400 631 44 448 186 216 908 39 137 490 333 723 45 287 808 169 843 398 811 92 194 122 404 550 915 299 445 641 906 117 864 394 934 249 221 309 493 549 307 685 1009 212 963 497 304 687 797 258 328 762 816 396 817 296 984 174 287 522 1003 500 930 119 797 501 4 281 811 115 957 379 148 164 842 500 906 33 916 399 76 246 331 644 1007 337 4 455 304 526 99 85 219 492 6 491 72 219 282 643 149 166 813 251 794 256 54 162 222 354 355 522 198 242 443 720 143 495 915 377 241 280 865 396 869 376 895 95 811 33 889 9 1000 383 1015 91 165 448 1013 88 797 499 1002 421 166 285 792 423 866 420 185 122 162 352 440 600 1005 263
101 356 765 5 449 247 490 442 726 966 397 403 525 823 339 138 442 136 330 44 490 843 416 935 169 441 642 40 493 888 13 864 393 494 629 1012 174 147 44 48 139 817 498 407 727 440 647 961 256 42 402 335 525 914 296 845 302 848 13 1008 34 308 727 407 720 495 602 864 256 184 244 25 245 42 448 964 397 957 476 813 91 147 7 122 447 149 217 442 546 910 12 192 81 913 341 240 446 120 355 822 396 24 163 854 174 773 214 929 212 1008 10 137 356 332 605 28 138 187 143 402 626 989 209 848 129 241 359 810 134 1 449 98 240 186 245 195 83 161 406 928 92 148 84 122 332 931 113 141 451 284 600 167 400 956 418 451 640 956 499 305 546 198 7 793 477 447 685 353 721 333 549 160 401 455 723 960 377 307 640 151 161 845 392 967 392 50 136 120 452 493 720 43 402 353 641 143 308 357 726 987 210 242 281
74 147 86 820 393 77 7 990 112 909 169 989 33 7 311 186 1 234 47 50 220 287 603 6 440 768 89 934 168 86 452 243 405 333 726 987 33 244 333 1011 114 216 357 353 628 242 491 815 90 441 604 4 404 1009 213 444 626 867 298 450 760 84 331 86 489 82 281 811 252 233 5 493 547 359 524 44 493 145 83 45 280 284 760 770 171 284 720 44 355 494 683 491 546 488 720 794 476 7 495 51 87 7 305 966 473 812 213 965 341 86 444 793 341 236 47 989 36 7 283 916 420 813 250 185 165 84 444 75 216 401 762 449 551 888 173 811 168 304 551 895 169 354 547 333 602 868 378 1001 340
84 451 606 52 139 55 219 794 398 489 685 1005 394 454 645 311 762 952 299 49 219 986 10 86 334 451 631 0 453 140 328 917 397 818 397 840 303 72 138 812 8 1000 259 81 400 353 644 150 47 195 1 42 355 850 35 45 354 958 473 50 84 819 259 866 378 991 131 964 261 97 80 489 720 929 134 914 501 141 304 773 254 1011 36 957 501 30 143 907 132 103 240 953 502 989 248 1005 256 817 303 25 247 1012 169 98 7 847 477 851 38 358 721 864 422 795 472 443 682 305 765 6 491 5 403 0 287 888 89 987 113 892 133 799 340 45 445 915 500 852 254 1013 9 1010 248 74 245 1000 299 284 686 916 297 770 33 162 286 333 765 850 38 80 450 407 767 910 93 41 335 442 725
66 488 625 24 45 25 244 28 46 142 448 454 624 440 641 235 245 53 244 811 89 447 527 442 525 843 378 1000 338 447 549 234 45 331 627 247 444 846 499 960 260 915 478 354 628 492 681 985 250 146 85 192 7 306 548 101 161 145 244 29 139 30 85 328 544 53 2 792 376 100 216 142 311 141 448 199 46 240 311 798 422 40 442 449 523 186 164 488 724 237 244 452 726 493 630 308 630 890 9 400 725 986 250 842 259 953 342 185 6 449 627 846 378 162 309 917 397 492 723 26 220 991 210 103 84 284 764 985 90 964 395 775 173
83 445 627 770 133 2 284 955 382 73 244 815 12 798 341 769 248 41 403 126 282 989 134 814 39 281 686 964 500 958 261 147 164 769 39 952 256 28 240 358 549 217 440 328 724 6 286 353 546 906 132 87 334 160 352 86 449 865 257 798 393 218 355 218 443 984 253 851 9 84 491 30 221 406 549 991 34 443 766 143 400 914 376 448 761 869 341 1009 170 400 726 958 301 1007 472 195 41 490 526 197 139 493 765 44 400 823 380 44 335 189 86 333 625 307 724 451 680 892 212 440 722 143 334 449 642 167 329 444 764 988 135 333 720 72 86 187 84 893 11 78 120 822 377 1009 95 931 129 236 220 813 133 98 83 139 333 1004 395 795 382 163 441 843 475 1004 396 149 122
96 1014 171 1004 343 956 394 1012 173 356 546 285 767 871 303 915 399 455 686 1005 381 864 496 167 440 100 4 989 129 956 337 218 489 86 280 123 453 31 127 353 724 448 680 191 46 932 9 6 442 808 134 234 3 906 248 770 173 407 724 328 682 870 497 359 546 775 130 353 521 184 167 967 338 864 296 445 527 120 308 191 245 235 167 812 215 919 399 219 286 184 6 329 628 55 121 991 38 233 84 280 641 854 91 240 453 29 42 400 549 99 222 812 251 234 122 796 422 929 172 331 720 811 174 24 218 1007 496 283 723 962 337 848 172 3 492 80 404 845 262 1013 15 967 376 405 524 1 309 240 357 237 83 196 40 443 726 963 339 910 170 51 87 1007 418 218 306 1006 475 308 767 304 626 916 421 74 42 913 472 282 524 407 722 72 126 1013 129 492 724 849 10 892 170 30 124
86 810 254 125 490 99 44 864 472 100 87 918 257 195 139 188 87 141 493 1003 297 904 130 46 447 26 143 165 454 139 449 194 47 771 117 283 641 220 445 846 300 854 13 400 602 197 82 234 216 954 472 964 472 75 120 989 39 909 250 488 629 149 3 358 726 984 172 911 9 162 334 935 135 822 256 353 520 163 448 101 4 217 310 864 416 307 603 796 302 103 42 352 602 400 607 934 212 53 80 4 332 864 473 75 243 0 331 357 766 1001 418 287 624 103 1 233 4 989 208 449 724 236 245 245 330 490 722 47 333 6 488 905 113 165 329 147 45 954 339 985 112 7 358 775 210 124 489 892 38 27 241 893 15 929 95 400 721 197 46 85 442 4 450 308 721 933 254 87 329 864 502 450 725
86 1004 303 454 646 990 39 808 116 954 502 151 7 988 173 76 218 162 488 934 14 25 160 221 449 987 33 889 88 795 256 865 474 842 423 143 355 239 84 793 477 285 723 1003 478 308 685 328 686 906 249 1004 478 28 244 1000 478 85 402 86 283 1000 377 405 725 221 354 962 380 190 83 123 280 199 245 7 440 888 212 821 337 404 626 78 122 913 339 161 331 198 222 772 92 334 600 330 546 7 280 242 451 823 263 144 42 51 7 149 126 864 419 811 12 453 628 855 175 48 243 144 4 1012 212 912 297 819 336 810 89 853 249 908 251 127 441 101 86 232 221 74 81 123 406 1012 35 489 762 867 300 960 343 493 723 443 604 868 298 287 763 914 297 221 311 959 394 187 240 893 89 917 397 217 455
73 55 216 442 523 895 250 125 407 85 405 964 303 76 84 147 46 493 686 240 403 150 45 810 90 223 407 138 359 816 419 167 455 328 724 909 34 845 417 913 496 100 160 193 6 223 355 328 721 359 646 851 91 448 606 488 525 987 251 844 299 891 39 810 95 964 343 99 163 50 1 50 46 6 448 7 495 41 450 247 305 871 382 845 337 193 121 1000 501 961 499 400 521 50 216 6 404 139 401 98 44 795 298 771 112 310 720 80 401 845 473 1010 90 125 440 913 473 1 308 402 687 145 161 76 44 1010 173 24 46 304 684 405 605 160 352 444 551 164 356 98 166 866 500 808 168 284 641
75 220 332 84 492 145 82 1 493 405 643 40 494 892 119 453 546 335 723 987 115 122 356 25 126 48 5 894 173 452 546 234 45 450 727 986 174 451 625 47 311 99 47 216 400 450 525 891 213 160 449 85 490 98 1 808 94 1005 423 31 5 330 545 890 33 142 495 842 339 352 630 47 330 193 40 985 112 330 603 869 341 961 472 774 113 401 680 237 222 82 285 989 168 441 684 889 95 910 254 907 89 281 548 125 285 234 162 189 220 989 37 309 522 448 607 122 407 354 526 283 606 818 475 852 133 917 423 29 120 841 423 952 263 401 544 123 305 142 490 1 402 866 417 894 174 492 763 161 311 29 123
85 798 300 280 551 446 606 243 453 817 336 401 766 187 220 963 502 216 453 918 256 448 766 141 304 162 354 335 604 808 253 956 339 1000 496 124 489 232 221 237 45 952 472 1 283 241 443 914 301 773 168 79 122 72 6 447 645 126 441 124 452 1004 503 793 376 49 7 166 283 333 682 54 126 287 631 853 95 847 341 853 212 1013 12 219 284 126 491 355 551 904 128 216 311 893 128 197 241 906 90 855 117 987 39 76 139 987 119 282 766 1005 301 51 125 31 123 82 448 151 223 906 89 495 723 243 400 910 254 452 607 906 174 888 135 812 212 281 626 359 604 102 81 1014 129 451 546 964 418 286 600 1005 475 822 417 441 549 141 449 846 382 960 479 140 307 97 216 846 419 139 400 890 131
96 78 218 960 342 1000 422 967 259 989 134 809 169 917 379 849 168 492 642 51 80 494 605 184 163 913 421 453 520 4 444 965 497 40 355 842 399 491 687 310 724 54 160 189 6 31 45 768 128 150 161 915 383 331 643 193 165 144 216 823 397 491 546 284 720 137 495 959 339 935 38 125 453 490 631 400 680 794 260 331 722 820 297 490 725 280 631 909 170 842 302 101 221 867 261 309 680 914 477 51 45 352 630 40 442 356 525 124 452 308 525 286 640 792 396 189 243 46 402 4 440 30 82 163 493 1001 296 865 503 813 15 454 526 985 208 40 335 42 333 965 396 96 246 123 330 137 282 310 680 282 628 333 627 221 488 164 305 792 379 79 4 904 174 199 41 6 445 917 377 240 447 167 407 98 167 234 120 905 39 935 116 124 402 138 352 184 126 985 119 808 211 775 135
90 73 4 127 442 1003 475 167 333 50 127 991 112 331 603 986 119 810 174 52 1 442 761 933 38 151 7 195 126 307 521 1011 116 491 687 136 283 990 11 867 338 193 218 144 120 197 121 448 763 49 245 915 499 357 627 285 765 221 354 188 81 87 328 126 402 166 310 305 526 306 526 912 298 814 172 197 121 795 339 191 164 400 644 893 172 815 11 187 244 908 15 932 113 798 392 928 113 199 5 447 631 196 220 490 767 304 547 851 128 401 626 912 377 283 606 193 245 44 406 166 359 356 550 809 119 932 211 332 680 120 354 103 127 446 646 280 681 163 333 454 725 908 211 162 357 820 380 768 15 147 87 1009 38 125 355 310 631 144 161 771 32 330 626 769 210 333 767 443 761 871 499 221 332 283 764 448 600 192 165 455 725
81 893 214 160 331 919 423 73 222 6 401 50 5 794 479 197 4 906 94 849 15 991 94 822 502 868 300 186 7 332 643 48 245 26 46 1011 118 26 242 330 629 1010 8 768 248 239 247 846 298 143 330 493 628 917 377 489 642 82 308 100 6 990 210 772 213 142 488 148 246 963 263 26 141 407 604 40 352 1007 378 988 88 1009 175 868 393 811 118 188 125 31 139 770 114 819 397 356 766 80 335 851 117 285 681 491 603 796 392 311 626 307 526 238 122 120 286 453 607 868 299 124 307 960 301 86 449 184 121 962 496 125 493 151 44 911 88 966 479 124 451 910 14 869 379 42 441 234 243 400 684 235 137 75 138 819 501 352 520 285 687 359 760 99 45
86 148 7 96 4 1013 249 242 331 871 472 102 244 402 724 236 127 306 645 334 601 914 473 846 256 985 215 810 112 842 257 453 606 912 392 455 630 41 284 491 550 233 242 244 280 445 765 820 496 6 400 73 219 849 251 1001 496 935 94 445 625 166 453 961 502 30 7 792 301 867 502 242 358 286 523 965 342 78 0 236 120 74 122 1000 341 310 628 283 525 29 42 143 282 334 548 147 85 45 453 933 113 52 223 190 137 819 377 220 455 82 287 125 453 194 142 929 208 775 254 199 6 1009 253 404 647 954 343 51 137 931 118 855 115 931 255 306 520 77 0 445 726 493 624 964 260 962 302 139 282 76 222 494 629 795 381 216 441 4 445 150 141 306 604 893 211 246 493 25 243 50 161 1015 33
83 447 631 488 682 102 165 452 642 841 498 401 600 188 40 1004 502 491 760 442 726 1004 503 333 726 888 209 49 243 51 87 245 493 217 441 42 494 49 241 26 83 774 13 991 95 870 478 72 125 908 8 892 175 907 255 41 307 29 140 819 300 406 550 238 141 775 129 76 160 83 490 491 630 82 444 194 136 452 624 493 763 84 405 770 89 846 500 189 127 1005 394 988 116 140 406 817 503 488 766 55 43 892 173 359 546 1000 261 96 45 245 283 816 474 78 247 311 767 30 242 1002 394 41 444 355 763 49 1 917 397 817 501 140 455 190 161 160 440 812 117 931 94 145 40 440 724 1008 170 453 645 911 252 28 46 822 381 894 253 967 502 443 721 402 527 329 686 222 493
70 1008 95 404 631 963 263 47 334 185 166 194 221 871 378 120 331 932 170 217 286 893 116 401 603 775 130 917 262 987 251 928 35 328 521 101 138 989 35 443 727 281 685 222 492 772 116 5 440 445 763 495 764 847 383 1003 473 74 123 953 392 120 333 236 160 232 142 955 417 933 94 239 244 1002 479 406 683 55 80 853 170 810 39 960 476 917 479 808 92 1004 261 83 353 405 602 307 647 1011 95 283 551 808 128 305 681 400 646 27 219 121 441 1015 254 442 641 357 721 55 0 490 604 84 328 99 85 1009 112 239 2 223 453 139 280 356 546 335 721 443 624 1014 15
73 55 136 233 162 151 86 400 527 28 240 220 489 335 548 86 354 488 722 443 630 84 401 1009 135 140 452 357 522 353 624 866 298 1005 376 223 406 952 399 916 336 799 477 43 282 198 161 966 300 306 640 76 6 967 382 188 142 928 172 49 3 150 127 197 220 55 222 189 166 223 331 490 724 144 162 311 684 840 475 1013 214 142 311 960 474 2 283 494 520 893 168 864 392 853 174 1001 383 190 40 792 476 45 453 125 401 309 720 798 420 813 248 847 300 335 603 139 441 795 476 1010 113 797 297 813 213 46 308 216 335 191 138 186 217 919 392 959 395 987 95 218 405 53 245 1 405 101 84
80 140 330 51 244 140 284 768 9 909 211 2 304 454 723 447 686 444 767 233 143 335 601 7 407 795 472 7 453 284 763 911 248 357 627 75 160 808 211 1003 476 1005 502 243 355 244 357 854 215 957 496 987 170 984 253 491 520 818 260 867 423 187 140 185 5 988 170 234 165 355 642 888 32 151 80 448 720 146 219 848 131 127 280 44 406 440 767 138 451 97 122 334 547 1003 498 166 304 186 161 196 246 24 241 451 624 308 765 956 342 956 416 991 88 194 125 355 725 1006 340 910 252 122 490 192 123 798 396 307 643 911 14 216 308 808 9 146 161 908 210 851 112 356 630 49 127 793 262 103 165 792 474 3 358 97 84 79 241 850 113 99 138
102 195 246 961 500 917 378 913 497 820 473 960 336 42 455 283 727 146 167 448 550 85 355 443 763 101 220 163 335 246 304 868 472 905 254 853 93 916 474 218 359 1004 376 912 501 847 381 284 766 78 163 817 479 145 166 820 497 100 167 820 475 234 245 97 83 929 117 816 337 915 473 311 624 1007 383 914 496 812 34 813 171 953 340 142 446 142 448 984 118 185 43 236 167 235 241 848 13 817 416 87 449 217 280 911 112 287 764 165 445 492 726 864 377 161 308 401 547 400 605 1 493 1003 376 356 684 844 262 147 45 192 218 843 416 772 213 848 175 353 722 6 304 962 376 102 84 282 550 959 478 84 494 893 34 908 134 355 626 489 641 918 303 24 82 952 474 871 383 956 256 31 166 819 393 1002 378 120 329 967 394 237 122 24 216 819 302 49 217 43 488 492 550 189 41 146 82 930 119 957 399 934 36 448 522 847 473
82 852 210 450 526 445 627 773 208 775 118 889 253 139 284 50 243 453 602 852 255 190 42 3 355 357 549 988 10 455 683 796 419 309 524 354 627 333 629 235 84 146 124 125 281 915 502 196 244 989 89 907 32 990 213 29 44 103 7 48 165 855 32 186 47 931 95 817 502 184 160 794 499 407 680 43 495 959 496 868 498 26 46 358 604 445 727 97 162 984 12 6 328 816 296 1002 260 199 162 796 263 930 211 54 223 441 527 1006 378 330 520 445 601 306 643 240 328 817 257 50 41 871 376 218 306 811 38 311 520 917 501 1002 301 823 497 768 130 889 135 358 607 820 395 867 257 25 4 41 357 44 488 48 240 892 35 817 418 817 339 42 283 245 357 961 296
81 191 161 84 401 195 142 866 417 989 119 930 254 144 80 865 398 42 494 1013 214 774 92 851 10 1007 256 1010 131 1 406 846 420 865 339 85 286 123 355 894 8 96 160 865 341 400 766 42 451 186 218 354 525 401 524 1003 341 772 171 40 329 808 210 493 522 335 645 77 3 492 524 73 218 852 88 218 447 233 223 25 161 51 127 356 761 494 550 1 330 904 95 30 44 854 8 774 93 142 444 2 453 246 495 796 337 220 309 304 722 918 379 928 215 904 13 239 220 798 398 855 130 125 403 77 243 918 258 495 763 163 311 910 248 304 527 493 720 281 684 849 133 195 41 489 646 963 337 147 137 991 255 865 499 931 168 191 137 1012 9 443 522 953 297
89 6 489 773 88 401 624 55 220 1013 212 816 501 960 341 953 260 140 445 934 172 960 497 188 137 488 626 892 32 893 119 161 403 868 496 49 84 136 354 850 15 285 547 24 121 45 447 27 162 166 357 988 33 221 450 773 116 905 215 285 520 191 163 310 603 930 9 1012 119 149 84 986 92 101 42 27 222 53 241 355 524 954 338 891 129 913 296 283 767 771 13 1000 303 147 138 853 214 31 41 798 417 492 604 844 477 914 498 166 306 818 398 892 39 812 9 238 244 311 628 0 282 819 502 77 217 30 243 136 443 1001 392 80 489 821 474 186 221 869 303 143 401 956 476 794 301 918 473 136 406 441 763 850 90 407 628 0 284 822 303 1005 297 768 132 31 218 151 219 775 119 77 124 867 422 986 94 954 257 96 241
95 54 127 815 119 1000 416 79 136 280 725 40 308 954 383 287 726 964 499 491 681 151 3 964 503 136 330 308 646 281 526 1014 94 952 297 958 500 143 282 814 129 352 644 331 602 223 448 990 251 184 220 491 544 984 13 28 127 26 6 445 521 42 406 54 218 46 447 962 297 930 38 306 647 137 403 191 45 853 169 895 9 199 42 54 138 808 252 96 246 281 602 330 527 223 304 243 282 494 606 126 334 490 524 304 544 97 246 50 126 219 443 331 631 958 299 143 328 769 255 870 498 87 335 164 400 846 301 966 378 0 331 1005 339 284 641 243 358 87 304 122 451 955 339 242 331 234 0 454 686 304 526 78 4 184 243 912 257 96 4 1015 13 910 119 870 263 799 395 223 306 24 42 772 168 99 241 891 118 51 81 74 243 796 303 989 253 138 490 151 161 818 393
77 774 212 488 761 774 9 986 249 199 143 813 133 191 138 868 301 191 243 404 681 217 495 151 223 407 606 359 687 455 602 814 39 850 169 935 131 80 407 184 47 49 161 489 625 793 380 328 526 820 379 246 310 963 422 895 212 842 337 237 160 892 13 199 84 961 296 1000 338 151 247 988 38 244 401 5 287 52 47 895 35 127 452 192 141 770 36 854 112 144 163 932 174 1015 208 305 721 307 683 454 627 29 165 852 249 247 356 139 402 244 452 222 285 961 476 890 254 99 45 283 681 331 682 772 113 870 299 852 92 402 767 810 92 234 86 987 249 849 130 820 393 1000 343 311 646 1008 129 141 444 1014 33 1005 497 310 550
76 48 45 126 402 164 492 771 128 842 299 216 352 335 549 908 135 447 605 967 383 987 169 165 444 52 136 957 263 121 401 29 42 402 626 966 500 127 329 447 627 799 261 284 686 446 721 247 452 102 219 46 405 442 760 769 13 53 241 796 343 51 121 239 136 140 492 909 172 0 442 853 210 1013 88 236 140 334 642 988 249 454 767 28 241 820 300 851 112 954 339 245 328 853 91 333 551 816 398 186 140 123 491 491 520 450 683 80 335 864 502 192 81 354 626 795 257 332 545 917 479 184 41 405 766 890 173 247 405 80 328 30 44 985 215 40 287 985 255 809 254 53 241 335 520 966 382 1006 261 147 3 442 526
91 355 682 333 550 163 305 234 43 931 170 87 492 441 605 234 139 773 36 401 646 913 256 868 343 27 121 102 161 235 120 821 399 86 449 963 420 769 13 198 125 196 124 890 91 100 43 866 501 41 446 45 280 929 168 907 94 307 765 72 136 45 281 247 281 96 162 151 120 851 117 864 261 809 208 45 310 55 243 774 172 817 423 493 724 43 401 991 115 52 124 25 218 76 222 810 168 103 247 440 624 488 549 40 400 895 129 218 493 407 524 216 329 448 523 441 645 311 631 854 13 443 685 771 8 5 281 930 255 443 646 795 503 282 524 187 244 844 422 816 501 281 727 915 303 1013 249 893 39 814 93 41 330 194 137 73 80 841 380 1012 90 120 447 221 308 146 1 1013 250 163 357 42 280 888 9 821 336 55 137 849 117 963 340
74 5 403 956 301 332 643 280 687 82 305 918 497 355 605 353 550 443 627 191 40 43 329 770 11 122 359 306 628 356 607 904 172 358 722 100 245 1005 337 167 404 282 628 991 119 30 80 87 309 966 418 905 37 406 630 455 524 26 244 54 139 933 113 918 296 144 87 890 252 310 723 223 440 820 500 889 113 216 308 799 383 80 305 30 123 353 725 99 141 962 342 400 548 185 163 80 359 234 245 402 521 1012 215 49 41 358 721 328 627 191 125 145 127 83 332 450 548 358 603 495 761 865 379 919 298 5 305 493 643 162 405 40 358 286 548 151 123 190 218 126 490 812 10 136 358 952 301 236 246
104 895 88 961 261 53 121 359 521 190 222 492 604 189 161 81 447 163 355 221 283 25 43 961 256 100 220 842 473 333 720 1009 133 244 404 246 489 915 478 355 520 96 218 52 139 1 491 957 298 447 600 359 764 160 451 87 308 796 302 333 720 221 445 453 524 864 382 865 383 232 44 122 451 492 550 44 407 917 420 72 120 915 399 86 352 282 546 934 174 772 92 188 80 1002 416 953 379 99 125 798 502 869 342 1012 95 770 252 455 522 76 126 141 448 933 14 774 112 86 352 283 643 1005 337 770 116 73 241 934 255 196 81 78 165 26 83 27 217 194 166 242 331 287 628 246 355 46 309 870 381 850 9 818 256 964 299 77 126 850 116 282 720 5 282 101 124 329 521 51 3 819 396 489 544 281 725 488 603 847 496 769 15 52 216 442 600 990 171 24 4 869 300 233 126 28 123 967 303 55 123 235 247 1005 302 407 629 161 287 840 262
99 333 521 358 681 846 377 359 606 1001 298 864 498 218 305 82 454 773 37 841 343 190 241 869 397 852 215 141 280 185 6 7 445 910 38 190 125 405 527 50 44 402 723 935 175 41 284 891 134 122 282 242 356 990 211 894 92 217 444 918 392 1015 92 80 309 1007 378 217 488 1014 8 891 119 2 489 282 522 126 493 84 447 222 353 888 113 47 310 74 81 101 137 889 119 193 247 906 135 793 343 102 82 905 13 933 175 329 725 864 263 892 253 101 124 163 286 1010 128 239 86 817 501 7 448 160 331 954 478 404 527 809 208 331 527 933 210 3 445 280 721 352 642 908 14 890 250 84 441 440 523 246 287 813 255 966 297 44 495 816 377 451 720 139 451 238 136 185 2 148 40 84 285 162 304 795 336 4 489 843 396 929 170 773 34 796 476 842 378 184 166 2 450 855 173 956 297 196 5 330 723
85 967 340 842 261 1 310 811 175 966 297 775 132 165 309 822 262 846 343 455 631 359 521 821 502 966 259 73 140 845 476 444 685 1004 499 357 603 772 114 914 472 143 307 1015 170 85 305 24 120 31 86 489 601 144 164 771 131 284 625 246 305 83 441 359 520 984 128 334 762 811 168 146 161 123 331 451 765 854 131 194 84 40 405 40 305 913 476 915 500 222 444 444 766 1003 476 48 218 817 260 769 209 232 45 851 250 452 720 218 306 906 95 775 173 5 330 137 445 199 139 5 359 840 343 930 134 929 89 933 14 244 444 890 39 286 627 871 419 43 402 196 120 125 493 41 455 27 243 932 89 356 724 74 7 198 40 44 353 985 113 442 687 356 550 123 442 223 405 141 304 240 406
0
0
0
0
0
0
0
0
0
0
0
0
0
0
0
0
0
0
0
0
0
0
0
0
0
0
0
0
0
0
0
0
0
0
0
0
0
0
0
0
0
0
0
0
0
0
0
0
0
0
0
0
0
0
0
0
0
0
0
0
0
0
90 164 441 919 378 895 12 99 240 893 115 891 173 139 358 164 492 774 210 403 607 244 444 904 15 45 310 958 496 50 243 197 3 96 137 281 625 218 451 918 263 493 765 165 330 919 398 935 211 808 254 812 175 848 116 842 302 819 260 193 47 985 135 165 443 447 720 917 416 870 479 52 242 493 686 823 256 287 642 930 169 406 641 76 220 771 118 404 604 1008 169 963 479 143 400 960 342 161 490 189 164 76 87 329 721 442 546 281 686 1012 169 333 724 955 499 440 551 310 549 1015 89 187 165 848 94 151 43 957 298 1003 256 984 175 75 2 162 488 952 474 355 602 122 330 1003 479 1 352 244 286 795 258 443 547 853 11 4 454 140 311 852 90 775 254 957 421 281 603 73 127 53 124 403 684 404 548 197 6 774 35 240 407
80 871 417 809 13 935 131 852 9 122 446 822 297 797 298 222 444 217 407 1011 212 865 342 333 644 160 407 220 354 85 307 238 5 449 686 869 263 5 332 1008 174 98 1 166 358 962 260 772 119 850 254 147 44 984 88 852 11 774 214 1010 128 1000 336 141 442 46 448 151 246 495 641 930 116 867 257 236 143 444 627 188 86 86 308 43 442 844 378 29 223 915 399 333 765 959 397 354 726 306 624 865 379 914 261 849 37 455 547 354 604 125 307 43 454 407 760 192 41 915 263 935 208 334 605 306 641 192 1 121 358 167 494 247 406 794 343 870 498 5 453 1014 36 889 119 239 217 961 476 449 626 308 683 127 453 47 405 164 493 356 525 990 37
84 334 550 233 142 237 46 986 13 842 397 489 546 162 492 332 545 1015 95 98 126 987 168 914 472 400 647 494 601 894 211 989 210 889 112 189 141 46 404 849 95 124 451 849 251 402 764 907 130 311 607 850 89 124 353 46 491 771 215 957 379 237 3 190 47 0 331 847 501 48 142 234 40 244 305 448 760 769 251 331 520 52 3 45 329 494 606 354 624 445 645 871 381 142 280 888 88 222 332 126 359 54 87 931 131 796 501 149 127 442 526 335 647 359 767 773 212 895 34 307 720 2 304 906 170 86 401 957 479 494 627 45 353 452 761 284 545 1010 92 444 764 841 341 102 138 148 163 1 445 770 168 50 247 334 628 161 451 196 140 245 488 334 626 137 330 770 34 242 489
75 909 169 965 503 245 405 986 131 333 763 894 133 871 502 956 303 333 627 889 33 48 120 26 165 54 42 242 356 489 627 495 550 218 404 355 647 797 473 305 522 843 477 24 127 234 137 441 550 840 393 452 762 74 240 120 406 330 545 1000 502 304 545 81 443 795 263 798 257 1015 130 798 339 77 42 86 334 929 35 143 305 247 281 122 455 216 286 815 254 909 11 304 524 928 134 150 136 121 305 1011 8 961 501 809 215 160 405 333 724 491 761 79 223 332 544 1005 478 964 496 441 551 929 212 404 687 145 222 219 402 962 496 52 216 144 245 967 336 136 309 450 520 842 263 912 262 407 767 239 1 443 644
69 991 10 848 90 1007 474 51 45 447 549 79 243 310 548 1012 8 1005 260 194 5 907 132 187 0 775 135 446 720 963 395 196 142 356 640 890 93 401 647 905 12 404 522 916 496 139 358 1015 11 845 478 817 382 960 479 99 242 217 329 771 211 1011 15 84 287 282 641 127 308 242 332 76 143 353 724 96 166 817 500 184 221 25 80 137 451 907 11 895 209 854 115 217 328 148 140 126 452 151 43 492 547 849 92 333 521 124 403 280 544 306 646 149 216 40 404 151 223 966 502 864 418 1005 379 51 164 146 241 99 82 957 380 959 418 445 642 1012 38 283 641
97 847 476 81 445 29 241 963 423 51 244 848 212 454 520 1002 417 98 241 246 353 136 331 138 403 52 217 136 450 143 284 967 303 405 524 792 383 85 285 145 218 768 248 892 212 218 442 352 685 221 329 889 248 236 40 820 477 166 304 357 641 162 306 774 14 332 682 1002 259 908 15 30 162 1001 392 1012 169 72 141 2 488 1013 251 965 376 51 84 148 45 443 625 354 550 146 2 919 394 82 287 818 501 1005 393 236 167 309 631 819 501 334 526 494 767 452 644 904 173 124 447 146 247 243 453 865 337 223 358 103 7 491 603 491 761 841 296 814 213 188 220 407 551 840 500 199 218 195 123 406 550 188 87 244 488 913 418 893 249 442 551 141 491 120 403 907 35 849 92 488 527 917 417 918 258 928 9 334 722 236 83 332 605 27 220 1014 9 955 418 240 402 441 683 490 685 792 496
89 840 381 287 627 890 172 448 727 851 95 162 406 147 242 988 119 305 550 848 112 42 311 493 626 284 605 102 46 890 116 25 220 28 216 1009 133 333 723 845 395 961 261 41 331 846 301 1006 397 916 381 847 339 954 501 869 397 931 14 328 682 121 403 959 343 1010 168 797 377 984 211 304 645 855 168 907 39 77 216 53 138 7 287 919 382 853 209 867 476 50 5 990 90 871 301 954 472 103 82 6 444 184 2 1011 214 51 126 161 304 491 761 237 43 911 37 407 527 797 381 221 357 247 407 141 451 359 685 407 764 28 85 127 307 935 134 988 170 793 397 815 130 451 682 869 478 28 218 44 400 866 337 185 136 854 9 1002 498 890 134 443 544 906 14 359 726 820 396 869 378 400 549 352 720 73 3 820 475 794 472
84 890 248 1009 132 79 163 217 358 871 397 97 44 123 354 1007 393 334 624 1012 37 404 526 308 763 329 760 851 209 147 165 962 418 955 473 952 337 186 2 917 476 1009 14 358 761 819 418 125 284 772 95 197 219 841 380 445 643 823 259 43 407 774 129 407 726 1004 423 125 444 855 169 124 331 894 33 191 40 96 6 844 479 329 685 85 444 127 452 933 130 986 118 138 310 233 87 47 441 446 683 53 137 162 310 223 355 216 440 166 332 143 306 242 357 75 246 448 607 50 46 852 128 26 166 930 88 190 125 967 341 816 496 331 628 352 643 848 252 905 116 814 174 235 46 864 382 440 684 918 377 809 34 402 682 283 602 358 643 1014 95 492 761 1013 33 101 244 137 328 79 45
110 1009 209 402 604 192 7 870 298 1009 39 812 93 332 605 127 358 919 398 958 263 232 2 931 133 440 644 850 92 404 523 4 329 161 495 847 502 870 297 332 550 841 475 247 494 30 125 43 335 816 342 164 281 235 4 139 489 199 222 961 499 962 296 851 12 488 684 957 498 72 41 217 334 405 680 1015 129 283 685 234 160 122 283 146 242 281 521 329 763 935 133 124 285 238 163 843 417 99 165 799 340 358 645 890 208 334 683 912 378 774 32 841 479 124 490 455 605 76 44 911 37 241 280 354 546 915 261 814 210 45 307 966 300 191 0 30 124 77 82 331 684 446 642 1002 479 75 6 905 210 965 343 238 82 953 338 491 647 103 87 904 91 328 727 906 92 402 644 961 422 891 11 240 446 813 14 817 257 455 642 1005 256 894 255 799 420 811 133 890 171 304 641 820 302 845 261 357 643 43 454 904 33 124 287 892 253 811 92 912 303 442 602 823 377 443 604 817 299 444 605 164 489
80 142 443 77 160 355 546 852 132 854 119 247 358 820 296 490 606 127 493 914 496 74 4 84 442 100 40 894 90 44 357 195 87 76 47 75 142 489 725 166 308 45 333 98 5 817 302 914 338 53 247 849 35 865 395 53 242 234 3 812 134 194 122 25 223 934 168 124 282 1013 8 455 681 957 259 233 41 41 400 72 165 44 404 1011 113 75 42 494 765 53 142 55 46 74 122 932 11 73 2 122 449 892 173 52 127 441 521 6 407 127 455 243 490 402 680 916 419 792 393 851 132 771 129 5 335 185 41 865 261 989 88 403 764 868 258 490 720 890 118 870 381 28 160 50 0 139 494 81 306 915 393 451 522 913 297 121 446 453 724 490 721
84 989 14 282 624 187 140 79 42 455 762 810 133 187 220 770 249 305 606 331 624 770 174 919 256 241 403 794 260 402 726 855 115 849 116 355 520 810 254 122 440 959 503 305 721 100 42 160 282 955 498 793 399 958 420 1005 378 244 335 813 117 768 39 333 686 51 1 904 168 1011 250 198 45 283 767 281 647 871 262 988 12 864 418 964 336 2 443 0 305 960 476 24 163 812 91 866 399 242 448 820 260 851 90 188 85 444 721 282 764 309 641 773 13 847 502 307 549 195 164 935 249 892 11 223 451 1013 174 150 218 102 240 307 546 793 422 911 114 449 766 282 762 963 476 191 136 407 640 792 261 352 727 1001 256 914 478 305 764 912 339 238 163 220 402 124 310 444 526 123 444
77 451 525 242 448 932 32 966 257 197 140 287 547 281 761 330 763 491 523 490 763 73 126 50 222 3 454 239 6 840 419 167 311 796 302 933 170 842 393 844 416 986 114 991 37 102 4 40 453 445 767 306 524 332 725 240 353 916 502 3 305 895 171 1001 393 1006 397 932 129 49 40 233 244 29 122 815 214 909 36 282 726 792 394 822 418 240 354 7 402 330 644 356 725 127 494 149 240 217 400 965 397 243 402 184 138 442 547 76 218 918 478 359 762 446 726 52 166 819 417 402 627 236 137 851 94 285 646 121 285 1004 297 243 405 792 475 47 445 914 342 103 221 1009 92 84 488 446 722 310 628 406 601 332 724 955 258
89 219 329 904 113 1006 296 792 497 915 383 310 600 123 488 846 498 495 551 952 376 448 605 404 630 984 131 493 549 217 287 912 382 306 687 185 166 44 493 307 644 185 246 928 129 935 131 953 422 1005 339 331 721 333 724 823 381 329 524 352 605 488 624 811 95 150 122 138 404 988 208 1007 256 869 477 888 131 954 381 400 602 191 143 446 640 220 305 76 82 958 392 796 502 773 169 284 606 990 90 954 398 142 490 1008 33 24 44 232 139 47 448 281 606 967 500 890 130 333 723 797 377 137 440 81 352 236 5 359 724 960 421 335 605 0 331 814 13 906 34 989 133 310 525 280 760 287 551 404 526 84 451 2 286 960 337 232 83 451 767 1 281 87 446 53 4 216 494 768 118 332 545 955 472 894 14 799 339 770 208
74 775 116 235 222 242 354 848 131 308 604 354 628 929 255 234 223 989 251 984 13 144 7 335 629 146 216 74 87 53 84 984 88 141 488 959 379 240 280 991 113 353 520 334 520 221 406 953 496 309 522 282 629 1014 254 851 255 190 127 54 246 308 724 930 13 146 126 31 160 26 2 400 547 852 133 817 298 81 359 915 382 491 764 245 307 304 761 45 305 446 527 151 125 139 281 49 136 143 311 893 171 0 492 446 641 166 357 495 601 775 88 442 544 247 357 933 113 357 544 46 404 1009 173 26 86 954 473 774 114 30 242 120 444 329 761 912 382 406 680 816 337 1009 248 220 448 103 46 890 118
88 821 398 221 309 47 353 445 527 440 607 44 449 773 15 30 46 27 246 96 167 41 284 440 725 31 85 282 544 163 454 401 720 966 296 30 222 3 285 83 492 143 454 793 396 798 336 219 333 407 603 124 491 307 722 141 400 287 544 194 242 954 502 7 491 220 352 241 358 870 257 988 119 822 258 961 338 905 13 25 4 453 684 443 602 799 343 892 170 890 93 966 423 72 2 448 641 894 95 53 218 75 2 989 171 308 644 235 1 928 88 964 263 954 381 50 123 308 546 850 214 890 88 799 397 122 333 928 112 331 630 840 338 31 220 354 680 138 491 189 5 7 403 190 0 237 86 952 383 144 125 840 381 190 0 3 333 491 682 162 404 956 296 967 262 494 628 810 116 331 628 401 626 143 452 193 86
94 40 328 25 142 959 474 986 209 281 645 166 401 965 296 29 5 328 642 140 404 244 447 812 38 794 379 816 499 957 259 493 525 452 524 812 119 195 4 491 544 333 607 45 284 864 501 494 764 890 128 819 479 333 605 453 545 773 255 919 501 41 444 961 475 146 166 864 302 1000 399 237 223 867 499 443 766 449 520 844 340 220 281 445 646 167 452 199 82 167 328 356 682 241 280 793 338 285 726 770 171 103 143 6 353 962 416 186 40 991 134 817 298 813 8 243 328 810 135 123 310 355 725 867 396 797 377 986 173 931 251 120 488 102 219 311 524 894 32 236 247 958 497 42 353 42 492 190 4 441 551 4 334 401 550 912 336 101 163 192 81 452 762 820 477 774 92 46 454 100 163 82 400 1008 115 909 213 914 393 962 399 163 454 122 305 83 451 286 646
80 140 488 44 401 991 250 219 357 284 685 102 161 890 255 1002 303 892 95 984 169 990 118 919 303 83 448 850 131 311 647 798 393 911 128 103 163 796 296 309 641 241 446 196 126 246 355 285 687 148 124 1002 263 162 354 49 160 100 241 221 354 867 379 99 83 121 444 161 446 86 453 815 254 222 492 42 451 865 301 80 493 915 475 148 0 222 445 187 243 161 493 102 217 817 260 86 446 52 40 136 446 954 256 217 286 151 46 29 142 798 502 53 2 164 407 245 307 797 260 353 526 798 476 448 551 74 46 219 334 400 680 890 14 455 525 400 521 190 0 98 245 772 39 27 246 813 214 103 41 240 353 796 417 51 123 166 495 1009 39 769 93
80 932 128 908 128 0 495 406 725 845 423 103 139 47 352 843 260 310 546 793 340 1010 170 1013 89 122 309 26 40 811 128 234 165 1007 501 1011 94 188 245 192 43 242 490 934 14 795 379 447 727 247 329 794 479 332 544 218 442 909 169 45 309 187 244 127 280 1013 214 80 441 934 39 452 684 195 246 198 6 280 724 844 497 488 687 913 382 894 253 823 501 6 354 5 452 96 123 771 173 1013 117 915 261 151 241 964 418 773 249 3 283 912 342 1010 129 150 244 449 645 1011 251 247 444 103 42 186 164 454 684 97 220 817 496 495 643 127 284 354 630 1002 478 915 502 910 250 404 603 985 134 965 337 816 260 359 687 79 243 43 440 957 258 236 218
89 2 283 282 640 188 1 916 301 24 142 822 259 184 2 799 340 917 302 1005 478 240 280 190 40 445 628 198 244 166 452 193 82 86 444 956 417 282 522 961 298 909 213 400 721 908 251 311 521 814 13 958 259 79 46 449 601 121 448 841 417 771 15 888 214 280 765 161 354 918 422 1010 209 447 762 142 356 987 118 87 494 894 117 813 11 989 172 851 91 0 452 850 212 121 333 821 342 447 544 918 503 41 401 80 332 245 308 1001 383 893 35 889 132 237 123 162 441 851 91 164 452 966 395 26 47 1003 476 194 246 406 630 958 395 311 763 139 440 869 422 1001 498 907 33 821 416 162 454 356 629 910 128 866 393 401 520 85 330 1014 134 164 310 82 452 1010 116 1003 399 818 398 139 353 916 503 232 40 1009 93 911 32
73 953 423 236 223 963 338 161 284 240 335 331 641 455 686 333 682 280 647 1015 116 444 603 771 171 960 474 963 473 770 174 98 7 100 122 28 41 42 404 335 545 120 443 356 625 235 86 355 686 161 491 954 500 140 355 74 241 774 38 795 262 1013 32 1007 258 80 443 870 478 27 139 103 164 842 393 74 217 848 39 852 211 51 7 956 479 794 257 451 629 196 141 76 246 912 393 966 379 866 499 97 84 445 604 769 118 904 89 145 164 284 640 102 140 794 395 955 398 195 162 27 163 441 640 357 629 961 498 820 419 216 333 80 353 124 401 83 407 931 88 894 12 890 15 1004 296 353 605
80 904 119 888 128 216 451 957 419 855 91 400 725 1 451 31 165 442 764 333 600 79 121 490 630 407 527 960 498 1003 397 45 310 49 137 893 8 222 450 494 720 1002 477 352 727 774 112 310 524 357 520 796 497 810 174 864 297 448 603 912 398 404 683 455 766 310 607 304 551 196 160 455 647 910 131 125 306 956 302 407 628 147 139 103 121 242 446 43 304 221 403 48 142 139 401 151 142 147 42 770 95 916 256 1012 116 811 33 40 356 73 220 99 245 187 46 934 118 448 546 220 304 796 338 909 118 27 2 855 213 167 443 840 476 217 305 867 302 5 280 908 135 186 4 6 448 7 446 919 475 1006 396 282 682 853 131 1013 94 127 453 25 217
88 843 422 957 421 855 172 953 382 447 767 144 42 359 606 164 401 821 500 328 524 1001 337 1006 478 400 627 954 377 853 92 451 641 797 417 188 6 138 358 79 143 4 308 197 120 894 39 930 37 86 450 195 221 966 261 929 213 86 443 907 11 284 607 2 488 492 647 219 352 866 497 85 310 285 524 454 766 76 83 1 402 955 380 989 170 795 296 773 254 815 132 287 642 120 453 870 377 965 299 492 722 189 165 123 401 238 122 928 15 956 300 455 548 1013 89 148 242 124 440 1005 501 101 240 406 686 282 646 189 137 1008 37 932 37 842 503 199 44 1001 500 453 625 935 215 893 88 895 116 195 141 358 727 955 302 911 116 124 284 814 129 193 124 51 3 814 33 221 352 282 682 1002 394 162 328 914 398 870 296
83 7 359 792 479 79 124 220 356 333 521 241 281 403 545 334 603 912 498 797 377 311 680 956 256 891 168 304 764 75 164 239 84 450 522 866 479 29 120 282 546 285 625 308 724 218 328 331 765 865 339 198 5 490 630 355 722 402 727 77 166 161 356 311 764 149 138 354 521 165 330 3 281 358 722 53 219 1012 250 452 625 955 296 147 126 454 647 242 443 187 122 493 686 795 475 87 306 770 134 407 680 840 339 198 86 160 453 280 525 1004 300 1008 174 1 453 915 302 794 503 141 359 914 419 489 524 29 138 356 631 221 494 358 550 184 221 78 41 932 249 136 407 74 141 443 686 150 137 329 628 30 216 1000 396 216 311 197 241 221 359 96 223 329 683 103 223 444 680
86 83 281 75 5 331 762 959 299 187 221 1003 394 1002 503 148 141 797 396 905 36 929 114 30 142 869 394 928 13 905 34 493 764 1007 396 811 133 960 476 75 82 904 95 814 94 218 285 848 214 890 172 852 117 904 114 99 216 1003 392 488 640 137 442 1011 175 450 764 244 329 53 136 234 141 963 395 966 300 1006 380 888 208 818 338 447 523 221 357 191 82 821 420 3 440 914 257 797 257 855 118 889 250 50 1 929 9 83 404 1005 397 281 631 965 377 451 683 140 404 25 246 955 338 307 605 239 223 282 549 219 446 149 143 440 549 160 352 773 90 99 167 329 680 186 124 988 135 867 381 25 6 80 440 846 257 442 766 49 241 46 451 193 122 916 475 148 165 189 162 191 141 143 283 450 766
85 849 174 26 167 50 47 191 241 823 301 965 377 352 760 31 120 406 629 851 133 933 129 195 127 768 35 77 138 197 247 43 491 306 520 144 166 955 503 915 376 52 219 86 446 865 423 795 417 311 624 185 143 75 166 906 210 52 0 1012 13 87 489 1003 501 82 489 966 416 911 175 139 494 97 4 222 331 1001 396 193 160 307 625 222 307 76 242 24 137 960 499 86 455 895 35 25 167 50 240 358 762 913 396 1002 376 812 213 493 627 281 687 74 220 304 548 310 687 40 281 240 455 988 117 121 353 222 491 451 551 775 135 100 0 908 8 164 400 220 443 335 722 137 284 962 302 221 354 1014 254 335 764 965 302 916 503 400 640 843 339 192 138 243 492 1007 377 287 525 219 405 102 87
103 2 452 1013 128 29 44 906 90 967 341 794 397 891 133 42 454 928 175 795 381 407 680 847 336 165 333 24 163 46 443 813 94 102 85 193 160 147 136 905 174 962 420 3 356 822 256 55 240 188 136 905 128 934 253 769 209 1008 113 335 761 238 160 985 212 990 133 50 247 87 490 963 497 199 42 933 212 160 444 49 143 190 6 7 311 1002 497 957 257 46 333 102 80 241 495 73 165 1011 119 54 126 72 244 2 355 823 298 1011 114 1005 419 441 549 775 13 855 133 311 684 823 257 402 644 441 720 1002 476 891 39 311 644 917 476 139 304 24 83 493 522 97 219 232 222 796 472 769 33 812 170 495 604 984 36 189 241 72 47 991 135 869 263 847 499 961 302 914 417 100 140 81 357 147 43 335 683 822 257 3 335 914 258 147 242 122 494 987 37 280 720 965 417 966 383 904 11 44 403 905 171 121 446 83 406 772 8 851 37
69 400 522 164 311 823 256 965 419 956 338 141 493 955 381 792 394 815 129 1000 398 1012 173 908 118 819 336 25 124 985 213 30 85 488 627 1008 175 1003 417 55 165 2 353 220 492 911 112 284 766 4 286 220 359 81 329 931 131 1011 13 840 336 160 352 102 222 221 308 245 449 146 2 188 122 218 352 242 495 823 298 489 721 768 175 26 164 358 722 166 403 2 490 87 309 960 496 912 376 810 135 305 526 44 359 86 494 51 161 819 383 402 520 5 283 72 166 798 301 221 453 234 41 54 244 1011 13 232 160 28 219 820 419 905 214 5 328 220 330 850 116
88 866 376 809 132 865 376 353 545 285 643 48 166 329 626 447 727 31 139 185 0 963 382 845 399 46 283 83 450 335 640 120 444 328 723 989 36 816 500 448 631 307 628 103 141 73 161 287 628 852 116 932 90 217 329 99 164 285 726 51 0 145 4 958 303 1014 119 0 304 141 491 49 42 86 454 493 522 165 494 161 401 29 45 906 90 989 248 42 354 870 383 988 174 771 251 799 382 919 376 86 494 187 137 199 80 27 160 406 625 870 478 330 643 450 626 844 420 126 452 1007 422 793 496 77 246 893 113 817 496 84 309 247 285 50 5 30 81 405 631 1015 89 87 352 869 296 1 331 451 627 846 261 1005 500 142 308 5 284 852 118 311 725 26 1 964 376 148 7 280 601 84 443 285 549 85 328 775 88
63 311 684 54 142 333 631 774 119 166 403 866 397 489 524 906 128 991 113 843 396 193 245 908 32 72 247 304 624 904 113 959 380 40 352 1010 35 0 311 96 121 798 303 1 355 849 210 773 209 991 13 142 283 83 449 406 521 403 647 930 15 909 171 845 418 848 117 331 602 1009 94 771 130 328 641 914 474 25 40 958 421 25 165 1013 173 5 443 184 219 150 164 889 117 847 336 811 94 285 545 796 479 139 440 333 720 447 629 400 625 218 449 184 218 221 453 1012 129 454 629 1008 93 144 1 908 168 440 601
89 306 630 931 168 140 449 193 43 452 640 145 240 79 223 841 393 841 420 889 215 404 551 400 524 895 173 959 394 488 600 220 355 237 163 1015 254 0 334 137 282 191 4 166 495 282 544 809 169 50 220 846 257 455 625 53 221 910 35 492 604 358 646 1010 13 80 400 910 112 867 497 452 724 957 422 914 381 165 404 406 545 986 208 166 287 444 549 30 120 98 121 127 454 454 763 0 445 444 548 245 440 959 262 76 161 798 261 330 548 84 333 914 500 232 222 931 113 849 14 966 397 27 246 809 9 821 419 775 95 893 15 143 355 916 473 163 310 50 137 136 407 331 723 934 91 246 308 840 299 48 47 447 527 915 497 774 208 452 604 331 682 848 250 490 521 233 44 1004 422 247 335 769 130 870 500 2 443 892 35
85 823 296 223 335 195 161 986 248 928 112 140 284 166 452 840 500 237 167 888 115 29 222 151 87 846 261 2 491 52 240 1001 298 952 397 401 625 25 162 842 380 75 42 407 642 794 339 1006 474 811 88 27 120 952 394 232 40 100 160 305 761 823 394 907 251 311 764 127 402 495 687 122 305 810 248 120 307 124 404 449 643 407 526 794 503 126 448 353 684 243 282 843 502 931 134 185 86 100 47 103 126 245 403 820 474 167 404 26 218 27 247 931 209 960 260 772 118 848 92 928 130 282 646 235 246 440 628 285 629 127 308 962 420 218 454 401 527 959 260 140 335 127 404 126 329 986 92 405 546 55 137 959 338 48 82 5 451 793 397 811 215 4 284 79 122 892 128 145 138 335 722
74 354 726 892 38 769 175 1005 479 40 447 915 299 191 242 305 544 359 551 43 358 401 762 868 499 1010 112 87 304 84 356 75 43 161 280 985 212 81 359 96 140 140 451 965 396 888 117 7 357 82 305 1007 496 906 169 1012 33 843 379 191 121 444 761 335 684 195 86 799 392 820 496 332 525 906 34 76 245 918 377 121 352 404 685 51 80 103 43 916 417 850 94 353 684 126 307 404 524 405 607 1011 214 355 522 961 502 989 14 308 682 991 251 845 473 1015 10 82 329 151 241 954 383 280 726 440 630 330 726 237 136 0 446 146 165 137 443 852 9 241 445 871 378 49 222 99 43 957 377 82 404
89 73 160 98 4 239 242 145 124 812 255 492 520 97 3 869 416 120 356 121 310 446 727 97 136 440 625 42 446 841 378 930 34 328 625 6 355 821 396 359 761 811 131 331 607 3 491 850 214 77 43 842 342 957 337 848 37 958 420 445 681 144 4 49 140 820 261 126 404 770 35 846 338 953 296 443 767 798 503 775 11 352 723 41 283 493 725 845 479 961 474 222 445 72 122 24 125 136 353 895 36 819 479 852 130 958 501 906 135 962 503 5 452 849 88 218 490 930 254 235 46 305 550 1004 379 958 376 80 453 199 1 308 602 100 82 869 496 494 624 161 328 163 493 331 550 1004 418 328 631 966 396 916 423 1013 130 840 418 814 117 1000 380 895 210 40 286 240 406 146 3 1010 173 928 130 328 604 961 502 247 359
70 77 6 120 309 866 378 103 87 773 210 77 85 139 333 847 339 222 442 895 213 851 95 97 7 912 378 403 602 194 246 797 399 952 257 808 172 46 488 810 35 866 472 328 767 353 606 102 80 27 2 194 243 845 298 455 549 908 135 26 167 1008 112 54 82 406 763 163 405 140 304 190 167 329 683 121 333 769 171 284 523 164 335 847 258 488 631 140 304 283 640 822 497 151 162 956 478 331 548 184 127 76 219 126 359 931 129 840 399 1009 34 871 299 1002 301 331 527 55 45 919 263 137 355 237 240 864 339 76 83 140 403 915 420 963 475 5 282 1011 214 961 398
91 139 334 310 627 1015 172 865 498 192 247 125 311 47 407 2 305 54 223 184 45 125 450 911 119 895 33 356 720 893 36 99 82 149 0 451 625 137 328 49 246 354 724 911 114 46 308 959 479 237 216 74 84 919 399 845 303 1015 15 851 134 792 376 911 13 910 210 103 220 842 342 280 644 121 280 235 241 1001 378 955 260 772 254 87 406 407 628 138 357 49 160 195 138 186 161 310 525 844 379 185 84 909 117 220 331 773 34 988 168 247 447 97 123 799 261 45 489 446 764 357 548 1013 9 906 9 454 642 911 169 799 501 120 305 990 133 148 240 286 646 798 394 85 440 912 303 238 87 957 300 285 602 162 492 126 332 85 329 166 356 31 84 986 172 28 139 870 381 813 213 908 118 1006 416 451 523 495 548 309 725 243 332 888 215
79 236 46 101 124 959 259 852 252 40 329 334 685 823 479 223 405 453 724 815 210 991 174 850 254 799 302 814 88 160 310 799 503 794 420 143 284 311 722 1003 299 139 407 73 143 774 115 280 644 845 301 86 308 440 681 77 165 306 724 7 455 46 448 77 42 842 502 1003 342 41 329 490 625 990 168 957 257 127 356 241 329 96 240 86 286 848 251 449 551 848 171 853 91 305 524 197 243 308 520 48 217 407 686 1014 90 450 765 163 329 1015 250 197 160 817 257 444 724 967 395 912 420 493 685 0 493 867 340 50 243 87 356 142 449 799 257 31 83 912 340 76 5 890 91 929 89 0 280 960 383 451 687 145 7 141 445 147 223 1005 257
73 329 640 147 247 1000 260 841 474 987 39 843 476 1007 500 142 443 821 395 81 407 184 163 120 441 234 85 142 284 930 208 309 725 217 305 223 440 1011 209 1005 377 186 218 452 686 953 260 149 47 160 488 853 95 954 477 185 220 304 645 842 376 162 309 1011 133 453 631 928 36 185 161 85 455 823 502 189 162 26 164 956 474 73 81 199 120 29 127 187 5 988 174 916 342 930 117 932 250 933 252 814 130 962 342 218 305 31 244 191 142 143 281 1014 39 1009 210 359 724 1 450 444 607 234 3 848 91 144 84 286 525 247 455 239 46 893 254 907 88 808 172 916 399 400 761 930 95 359 727
109 136 440 55 126 446 647 149 162 445 625 149 138 888 116 164 357 888 33 356 524 913 422 121 440 50 219 307 626 44 440 489 603 893 134 238 245 148 1 893 172 355 607 1011 118 918 476 849 253 495 603 353 520 78 217 871 500 358 526 841 472 905 170 963 416 329 525 1002 397 1001 302 355 544 45 329 81 328 139 285 239 143 1003 376 889 117 55 1 794 498 893 173 792 496 186 161 841 378 490 549 962 476 448 762 165 329 3 442 816 502 989 113 191 84 795 395 820 257 27 4 283 601 845 472 953 475 72 42 820 259 145 242 919 382 867 397 444 767 850 249 959 479 1000 422 28 124 147 121 870 296 890 37 96 160 820 500 42 355 78 247 820 398 222 355 855 169 400 549 909 208 72 137 905 132 894 255 792 377 358 603 965 297 138 331 26 4 889 128 935 134 965 416 242 449 769 37 166 452 144 161 919 421 987 252 932 248 2 493 404 760 240 306 866 261 929 12 311 765 223 404
80 47 490 0 402 823 343 1004 419 72 167 102 7 444 721 137 454 223 287 1005 503 932 8 1006 340 441 526 962 498 403 520 143 286 50 217 7 440 244 307 144 136 121 309 895 255 40 358 99 220 48 220 848 39 237 219 850 213 768 215 148 84 769 174 354 641 1005 420 956 260 188 87 30 137 871 422 197 46 929 112 852 92 454 551 243 452 51 120 28 136 449 545 44 283 1014 252 42 454 793 261 774 249 867 421 30 141 792 479 929 88 402 628 244 443 80 442 306 687 239 136 217 445 124 329 962 399 1012 115 358 644 819 417 929 115 798 300 72 241 236 136 87 358 196 125 41 331 796 378 151 83 917 383 283 720 282 629 138 495 912 257 911 35
101 405 685 187 7 199 223 443 604 186 242 406 607 407 724 989 129 98 141 149 240 914 379 307 624 191 44 151 82 1014 250 843 381 197 4 811 39 915 302 221 405 86 332 799 500 195 0 220 442 792 376 454 686 1009 168 190 125 845 376 495 764 74 246 1010 118 1001 479 196 160 957 476 960 479 821 302 442 525 97 221 841 422 47 285 76 223 1015 92 55 122 959 260 918 500 488 646 452 762 797 338 919 473 452 625 162 488 1000 338 961 503 40 310 798 502 455 551 919 300 243 306 813 117 103 161 929 114 125 400 52 121 991 113 446 526 928 253 490 684 192 165 96 142 852 34 888 209 956 343 358 761 952 338 165 328 913 422 221 405 447 643 31 122 987 11 808 35 492 629 960 263 843 338 918 475 959 256 959 395 42 285 793 419 46 333 333 644 282 764 237 44 220 488 146 166 1008 11 954 296 444 684 491 549 771 36
90 151 136 138 285 86 355 847 417 961 501 894 170 988 169 440 605 237 244 75 140 931 88 890 250 810 14 98 127 124 447 792 382 773 94 189 160 26 243 127 306 792 301 911 35 287 761 4 285 77 122 819 342 72 167 219 441 793 263 122 285 855 214 355 722 792 378 307 605 797 419 223 446 916 503 137 440 7 407 222 491 83 441 797 478 280 681 24 82 26 125 304 624 308 686 988 134 161 308 895 215 1000 473 910 169 965 299 494 629 934 115 1015 38 453 765 1006 421 990 36 282 760 407 762 490 644 451 646 1004 341 893 93 142 284 988 255 871 417 853 112 919 378 243 402 850 116 846 397 888 35 238 80 852 95 821 497 490 607 141 284 911 128 985 208 42 488 6 442 455 525 199 243 24 45 137 356 184 1 890 32 893 173
91 220 446 285 628 286 680 894 249 167 402 962 380 241 328 794 418 961 478 49 123 453 522 357 527 816 474 4 489 242 451 241 444 1003 381 793 257 29 142 54 3 965 299 492 546 871 261 124 281 244 407 440 763 73 245 888 253 490 627 5 280 959 342 3 493 54 0 495 686 54 7 307 720 162 404 455 523 49 86 185 242 150 137 124 452 161 333 5 490 185 223 866 303 235 140 932 211 1011 32 855 39 1002 477 139 305 964 336 932 128 236 81 335 642 454 527 280 631 196 126 440 767 46 355 25 85 240 332 305 627 329 723 967 421 891 213 120 356 492 641 959 376 871 338 494 722 769 175 217 404 184 125 146 219 98 241 407 642 219 280 795 338 933 128 308 645 845 343 77 87 794 418 931 214 851 37 964 393 816 256 82 307 328 763
80 45 444 840 397 24 219 904 88 771 92 281 723 189 81 306 521 1003 398 441 682 141 280 847 416 185 162 242 405 77 4 6 492 1009 119 243 450 281 643 233 124 331 520 237 42 124 401 988 12 952 343 305 761 27 163 844 376 809 119 888 252 187 223 76 218 851 211 286 723 792 394 75 47 197 82 1013 114 796 338 78 217 356 628 819 503 991 175 84 286 447 685 918 393 284 686 41 328 187 80 355 625 185 216 919 376 331 625 952 300 311 631 793 377 193 219 141 402 355 607 846 500 866 474 4 287 0 282 46 453 165 329 149 245 80 403 330 523 821 422 199 42 918 298 189 127 454 686 841 261 1014 35 854 254 141 449 53 141 917 396 446 641
87 42 402 2 308 196 123 55 222 247 440 866 382 0 311 96 165 400 628 910 171 986 92 868 398 79 120 871 423 906 250 928 170 816 417 334 520 907 169 281 603 103 219 871 475 797 381 931 32 935 9 822 502 198 161 400 603 913 258 894 212 46 445 797 382 769 93 810 129 493 681 794 392 141 444 954 382 451 631 402 723 448 644 451 640 843 340 449 526 242 328 910 215 799 396 122 490 123 308 285 626 329 548 305 527 795 399 812 116 77 42 959 296 959 260 906 39 285 630 328 724 192 42 771 14 146 87 96 87 400 606 773 168 1011 15 239 1 808 211 768 215 25 7 961 398 895 88 220 404 244 450 963 476 352 550 233 141 440 727 488 762 494 642 79 244 282 522 53 80 905 129 953 377 956 296
64 841 383 216 285 283 602 80 354 309 624 488 526 769 173 52 82 87 311 895 11 889 254 122 400 489 685 864 303 402 761 401 766 6 449 933 10 888 37 240 309 852 13 243 492 357 647 87 357 959 423 446 606 443 644 959 262 54 84 958 473 123 492 820 477 308 601 310 683 809 128 822 503 76 127 960 262 919 342 81 334 332 523 188 160 143 489 236 141 328 551 27 81 140 441 239 123 198 41 867 380 194 142 797 297 910 118 309 682 46 331 194 222 450 642 908 250 352 631 450 624 194 3 867 378 187 3 817 499
88 149 2 74 127 309 525 309 766 771 93 867 478 864 502 40 489 985 37 888 114 990 173 401 626 491 526 798 416 49 2 984 131 45 287 329 604 306 644 244 444 141 307 848 38 852 208 1005 477 964 418 284 721 41 285 218 329 73 5 7 450 931 117 1010 34 775 93 815 32 794 423 930 172 443 630 956 417 357 721 819 298 219 406 984 89 244 285 810 209 310 624 142 406 26 245 1006 342 820 422 25 0 870 258 6 353 138 446 934 212 77 246 405 631 406 524 353 642 930 115 918 339 954 394 404 546 97 164 989 10 77 86 139 446 245 304 841 500 199 242 198 42 86 358 930 254 442 605 797 418 78 167 774 117 864 379 216 307 161 407 957 419 355 643 81 328 330 606 967 340 121 493 870 477 43 304 964 302
73 233 1 4 304 769 8 194 5 122 441 356 550 865 343 455 680 187 138 190 41 446 642 932 253 814 213 1014 174 772 254 845 479 146 125 1010 215 840 397 772 89 445 602 355 646 139 443 908 118 966 256 330 761 284 687 54 87 192 166 843 259 818 339 124 328 846 474 1011 92 892 10 820 420 189 82 448 642 494 765 189 43 918 397 74 87 796 474 794 420 404 641 845 399 817 497 1006 421 889 13 199 83 218 356 811 11 236 80 328 546 191 2 842 397 849 14 774 37 52 136 823 418 46 329 769 210 85 281 400 726 771 171 334 720 1011 12 808 13 446 723 810 248 332 682 442 600 166 402
85 914 296 444 724 908 90 286 551 121 280 120 305 333 642 955 299 870 399 240 400 308 600 147 219 819 418 232 44 123 311 1001 477 151 242 55 1 904 117 441 605 914 259 197 163 769 92 404 641 404 766 843 416 305 629 914 396 80 334 333 646 97 126 1008 174 74 244 810 215 959 258 792 476 796 472 818 340 1 333 187 247 7 406 5 491 77 1 124 452 988 93 7 405 1 453 49 42 0 444 867 502 151 246 97 86 6 446 912 497 217 452 870 477 309 767 932 39 919 476 987 168 840 421 284 764 810 130 328 725 445 725 848 9 911 15 842 300 120 282 352 549 281 720 143 440 103 81 120 441 1002 261 1014 38 910 172 147 43 955 300 162 402 142 309 192 162 850 135 309 628 906 130
75 47 358 27 125 865 256 455 602 165 328 232 243 43 304 284 603 335 760 199 142 815 134 1015 133 488 522 42 492 908 253 449 685 958 259 904 112 491 626 352 600 141 355 125 453 235 83 793 339 74 85 952 337 286 760 769 213 446 645 490 523 358 544 405 683 1005 380 305 721 125 455 284 601 150 216 811 214 443 763 96 139 74 87 145 126 841 342 988 133 190 43 75 123 796 258 403 627 50 6 447 761 198 83 816 336 853 93 867 397 330 604 193 1 403 527 1005 394 165 402 404 524 847 498 489 725 907 38 850 34 103 222 772 91 888 92 185 45 244 283 797 498 792 421 164 286 125 329 864 473 488 681
82 793 472 852 212 281 760 48 44 164 493 286 627 163 282 491 524 232 163 126 280 814 170 406 545 402 628 851 212 773 215 283 722 933 133 243 452 282 606 241 354 55 7 147 84 919 261 189 162 84 444 53 80 245 449 775 36 953 260 1006 393 918 476 400 606 43 332 843 382 808 95 237 167 87 309 965 379 123 442 912 473 868 378 235 1 283 644 29 136 772 249 913 378 5 405 149 122 849 173 967 502 850 13 236 247 919 399 846 341 893 130 103 40 240 494 907 90 149 247 232 245 892 172 4 403 125 493 919 416 906 115 1007 342 495 720 144 3 400 601 916 376 120 306 446 644 74 80 771 248 144 125 218 454 0 493 166 309 216 352 334 525 308 522 895 93
92 961 497 808 89 49 247 911 212 6 353 356 642 986 172 792 399 799 421 400 722 449 643 909 88 353 524 141 495 140 406 242 280 953 263 75 164 244 356 235 42 491 523 45 401 356 723 162 355 307 764 1012 254 281 683 307 630 50 121 904 93 245 335 400 520 136 357 1015 91 247 492 146 163 72 122 849 252 1000 398 219 332 85 284 844 398 1011 8 822 380 914 395 910 251 285 643 74 160 198 222 86 356 888 175 184 81 1002 383 819 419 798 423 355 642 81 285 49 166 357 522 223 280 888 119 122 443 194 240 51 85 121 403 123 490 103 124 793 474 354 642 817 477 137 287 26 121 844 399 26 245 1001 381 889 91 905 250 1015 248 311 726 220 440 1004 422 989 90 453 764 356 680 243 309 455 628 166 330 770 34 455 724 870 477 840 423 286 628
90 52 82 1014 95 916 297 442 521 127 358 929 255 848 252 236 82 449 725 161 440 448 724 933 214 196 143 913 423 186 120 188 40 52 161 867 263 221 444 83 406 151 223 147 241 99 121 27 47 96 5 242 403 871 341 136 329 847 299 841 394 919 380 987 9 121 401 247 453 868 377 126 332 246 400 963 382 329 521 242 449 816 258 41 403 821 302 73 120 906 134 355 630 27 221 817 392 197 167 186 218 819 472 490 724 1013 174 99 6 184 223 166 447 935 253 848 114 441 727 770 135 768 128 284 645 125 404 845 299 400 766 909 131 405 681 406 520 955 301 184 46 840 379 400 523 31 221 96 141 27 216 990 32 444 720 405 723 358 764 808 112 234 240 199 47 934 210 5 309 870 476 843 502 47 451 1004 503 956 476 934 34
84 1011 94 310 546 1010 13 48 141 283 725 1004 399 889 168 820 383 46 492 446 643 247 451 358 640 1000 423 53 83 773 208 281 683 447 546 164 440 452 526 809 215 237 81 284 600 1005 378 1007 337 494 602 955 338 917 378 446 603 930 14 406 545 167 448 240 490 78 166 148 85 795 496 909 112 305 626 358 547 197 164 494 550 199 163 245 492 48 0 72 167 795 337 495 647 40 355 100 47 48 126 852 36 453 600 400 626 54 240 966 418 795 394 442 526 906 95 908 172 86 359 1015 12 1010 134 233 126 845 474 26 120 150 41 967 258 42 307 286 625 145 127 82 280 186 143 990 175 79 246 488 527 151 86 889 117 51 80 31 1 934 37 870 377 137 311 770 135 490 523 47 356
75 1015 210 137 359 810 130 190 138 843 474 359 727 1013 89 1014 112 985 170 41 282 911 8 451 546 846 298 1007 474 934 91 120 406 185 222 220 280 45 281 1012 251 452 600 893 38 1009 15 162 444 916 396 236 81 449 682 892 32 143 449 452 726 334 681 148 240 985 170 933 253 283 521 934 129 823 261 40 440 74 43 103 85 80 400 815 117 42 445 1009 32 282 549 843 339 196 83 406 523 2 287 910 91 814 173 142 333 892 88 355 523 103 242 1005 259 797 392 489 723 866 258 871 392 810 130 87 281 916 392 357 522 815 172 769 210 333 523 440 625 853 117 907 212 287 680 956 419 357 546 494 647 83 446
82 309 766 147 42 845 500 935 128 1014 214 1014 250 50 7 232 1 907 171 102 47 865 337 354 548 848 95 908 135 911 253 185 4 453 629 453 605 98 41 310 645 986 249 233 123 1008 248 953 302 1012 172 854 131 452 686 190 87 359 680 222 443 913 262 47 305 304 763 770 14 185 45 328 641 494 726 217 400 79 165 247 355 167 455 311 524 7 440 1003 338 310 546 82 400 186 81 404 647 197 220 815 90 984 10 359 683 1011 119 150 82 770 13 283 641 888 135 142 280 150 222 121 359 912 473 41 488 441 520 0 307 96 247 495 646 867 300 329 685 245 400 935 214 768 112 984 170 235 142 909 211 1011 39 448 628 147 80 216 442 335 760 931 94 955 379 189 143
74 1002 303 855 114 490 546 792 342 910 14 42 353 988 171 334 725 448 631 219 352 237 141 954 263 867 342 869 257 121 450 126 442 235 166 126 283 775 95 1010 33 218 488 236 122 796 417 218 441 188 139 452 602 956 376 98 163 913 379 186 161 793 340 218 454 962 336 0 407 74 160 852 132 101 83 305 682 984 112 454 631 216 440 441 549 309 607 443 526 493 687 3 443 450 681 195 124 96 121 284 630 83 401 28 84 847 498 41 450 334 524 928 248 819 421 870 301 77 126 1001 502 958 378 75 5 928 255 441 640 235 243 192 163 55 220 335 521 932 15 400 601 216 328 402 680 73 124 407 548
78 163 490 189 40 891 8 1005 343 815 253 916 256 148 40 799 499 813 169 243 442 306 551 185 137 146 164 956 302 311 520 148 143 963 340 238 241 330 526 191 124 247 284 490 545 906 34 52 5 355 551 84 356 81 354 1010 38 199 120 445 605 73 242 84 280 355 687 961 398 454 520 98 86 359 686 50 84 185 165 953 377 775 128 913 418 811 174 443 641 929 214 4 446 984 169 770 131 402 687 854 255 818 392 405 727 140 356 818 420 895 170 488 606 97 164 775 94 126 448 43 455 121 444 85 405 216 355 333 644 283 644 310 682 449 629 814 214 909 175 864 478 29 216 488 683 849 38 162 281 917 340 84 285 195 6 311 601
81 5 494 87 402 306 760 220 455 453 767 27 247 199 6 222 309 73 127 455 605 1002 382 189 142 1000 497 287 523 987 117 909 129 74 136 102 216 823 395 199 7 304 523 190 221 961 475 335 766 840 378 234 122 852 211 816 256 45 446 455 644 287 722 406 642 444 626 870 341 488 686 246 334 7 331 770 215 440 645 184 163 162 495 957 502 192 141 238 83 990 38 331 523 822 477 400 624 101 0 46 407 101 5 985 12 986 118 449 646 162 333 151 84 819 503 850 95 149 4 889 248 991 214 75 167 894 134 495 607 96 7 846 381 984 171 189 136 352 526 0 284 1011 11 1014 135 304 684 1011 11 87 403 493 544 959 303 280 545 186 84 847 302 54 163
73 894 210 149 246 223 332 99 143 96 242 866 342 50 0 50 240 147 46 987 249 768 112 308 601 446 627 242 400 197 4 221 407 194 82 357 626 1002 500 286 604 442 525 1001 418 97 4 865 420 284 548 75 137 187 4 42 354 49 219 935 93 236 7 913 296 332 607 890 210 127 404 406 687 494 766 1007 379 330 523 243 451 0 454 963 300 911 169 955 303 357 647 917 503 822 420 45 490 284 720 308 647 1002 379 331 522 821 393 443 605 72 83 1013 9 871 499 49 241 138 310 52 241 193 124 1002 337 889 34 151 164 218 440 145 246 907 113 55 5 958 296 917 339 871 259 31 242 147 4
70 49 127 187 221 930 211 818 337 799 377 167 404 843 298 989 94 966 475 984 132 121 329 795 257 400 681 967 499 188 218 283 721 491 548 842 393 164 306 816 421 490 607 962 303 97 127 450 626 244 404 102 6 144 245 148 0 143 282 75 161 307 686 28 223 167 353 167 311 822 377 953 378 304 551 232 80 138 441 848 249 50 44 915 395 48 124 959 256 443 629 358 720 167 282 103 46 1000 472 986 208 0 440 957 259 240 445 284 683 770 38 400 605 1008 10 917 338 966 382 916 416 285 645 1015 93 963 381 956 399 814 39 1001 376 1002 422 451 523 285 628 358 766
