261
0
16000
67 15
256
1 20
1 21
1 22
2 23 5
2 7 45
1 3
2 18 10
2 4 19
1 9
3 39 15 8
3 19 35 6
2 31 29
1 24
1 25
2 39 26
2 9 27
1 44
1 23
2 46 6
3 7 10 47
2 21 0
5 60 1 20 62 41
2 2 42
4 57 3 43 17
3 36 49 12
3 13 26 37
3 14 25 49
3 15 39 53
1 31
2 11 33
1 34
4 52 28 35 11
2 52 89
4 55 50 39 29
2 46 30
3 31 55 10
2 37 24
4 36 49 38 25
2 37 53
5 51 9 14 33 27
1 41
5 21 42 63 82 40
3 43 22 41
3 42 63 23
3 16 56 47
3 62 57 4
5 18 47 56 34 58
4 44 46 86 19
1 49
5 48 93 26 24 37
2 94 33
3 95 39 53
3 32 55 31
5 76 38 94 51 27
1 55
5 52 33 91 54 35
5 84 46 59 65 44
4 85 45 64 23
1 46
2 85 56
3 80 21 69
2 81 83
3 45 21 82
3 43 83 41
2 57 124
5 125 71 56 111 85
2 126 107
3 87 90 106
2 69 120
5 68 60 81 121 110
2 71 122
5 83 65 70 110 124
1 116
1 74
5 73 118 94 99 113
4 119 98 117 88
6 77 114 79 112 88 53
2 76 89
2 127 79
4 91 76 102 78
2 81 60
5 120 69 61 82 80
5 62 41 123 81 83
4 71 61 82 63
3 56 87 85
4 57 59 84 65
2 47 87
3 67 84 86
3 75 115 76
2 32 77
3 126 91 67
3 90 79 55
1 93
3 92 49 94
6 93 95 50 53 119 74
2 51 94
2 172 116
1 98
4 75 97 99 169
7 101 168 74 175 119 98 186
4 112 191 101 168
3 115 99 100
3 106 168 79
2 171 169
4 107 177 105 124
3 122 167 104
5 190 126 67 102 107
7 106 104 178 170 66 167 127
1 160
2 161 123
4 111 69 71 160
3 65 123 110
6 76 171 113 169 115 100
3 74 168 112
3 76 166 115
4 88 114 112 101
2 72 96
2 118 75
3 119 74 117
4 75 118 99 94
2 68 81
1 69
2 105 70
4 109 82 111 125
5 125 71 104 167 64
3 123 124 65
3 66 90 106
2 107 78
4 148 187 188 129
2 128 255
3 188 246 150
2 151 149
3 184 133 144
3 132 185 134
5 133 173 184 186 146
3 187 145 147
3 241 156 180
3 181 157 159
4 158 177 180 153
2 141 157
3 152 159 165
3 153 177 139
2 143 176
5 179 142 246 155 153
2 132 252
3 146 255 135
4 254 134 147 145
4 149 135 146 255
4 248 128 151 149
5 148 131 249 251 147
4 130 250 151 154
4 251 150 131 148
4 153 244 140 155
7 159 245 152 143 138 176 141
4 150 155 246 238
4 247 154 143 152
3 229 136 157
5 156 182 137 139 158
4 242 138 157 159
4 153 140 137 158
4 180 108 182 110
3 181 109 162
2 180 161
2 176 183
2 167 178
3 177 179 140
2 167 114
7 179 177 107 105 124 164 166
6 100 102 188 113 169 99
4 98 103 168 112
3 107 188 171
6 189 178 170 112 191 103
3 173 96 184
2 172 134
1 186
1 99
4 142 153 163 179
6 104 141 167 165 183 138
5 171 164 179 190 107
5 143 178 176 167 165
4 162 160 138 136
3 182 161 137
3 181 157 160
2 163 177
3 172 132 134
1 133
3 99 174 134
2 135 128
6 170 130 191 189 128 168
2 188 171
2 106 178
3 171 188 100
1 212
2 213 234
1 214
1 215
2 197 199
2 209 196
1 202
3 222 196 209
1 201
2 221 200
2 203 198
4 223 221 202 210
2 218 216
1 217
1 207
2 219 206
3 235 209 251
5 215 197 199 208 237
3 211 203 238
1 210
3 192 234 213
3 233 212 193
3 234 194 215
3 195 214 209
2 204 217
3 216 218 205
3 219 217 204
3 218 221 207
2 221 245
6 219 225 244 201 203 220
2 199 226
3 203 246 227
2 244 227
3 221 245 231
2 246 222
2 223 224
1 240
3 243 241 156
1 231
3 230 244 225
1 233
3 234 232 213
5 233 214 193 212 254
2 208 255
2 255 248
1 209
3 154 210 250
1 251
2 228 241
4 242 136 240 229
2 158 241
2 245 229
4 224 221 231 152
4 220 225 153 243
5 223 143 226 130 154
1 155
2 148 236
1 149
2 150 238
4 149 208 151 239
1 144
1 254
3 234 146 253
5 145 129 235 147 236
60 152
12 119 220 63 223 229 42 105 100 74 223 63 246 75 202 74 247 86 102 62 223 126 113 72 245
6 240 63 95 202 107 114 67 213 118 202 206 3
9 60 246 216 0 60 244 60 244 92 223 230 20 125 77 65 213 87 234
10 42 202 66 193 241 41 67 254 204 41 207 43 85 102 228 2 243 62 84 77
4 41 201 95 246 65 89 85 214
9 126 113 64 76 64 113 2 200 231 21 124 77 60 222 66 100 240 40
6 104 91 96 222 94 203 241 43 104 253 126 253
12 65 91 75 227 64 233 126 79 127 113 86 252 125 193 105 212 73 201 228 22 22 225 66 103
10 23 226 228 40 242 40 216 43 66 115 107 76 126 213 125 212 124 91 106 103
7 87 103 206 40 96 226 240 40 126 194 3 225 23 200
8 84 76 86 212 2 222 3 200 242 62 99 222 86 213 93 221
16 86 193 23 200 2 201 107 115 241 23 206 0 85 89 93 200 21 203 22 226 126 100 86 79 206 62 61 245 43 224 125 254
8 242 43 21 201 87 233 124 114 72 202 125 77 240 40 1 222
13 72 245 217 42 206 40 22 203 92 223 104 253 63 223 124 100 62 225 118 202 64 215 96 247 73 200
7 96 244 205 41 97 247 117 244 117 220 66 254 87 91
7 125 193 105 115 105 235 74 220 66 195 87 76 97 220
7 127 112 0 200 1 245 1 223 86 255 87 213 66 233
11 124 79 84 232 3 245 66 113 22 201 87 78 228 62 126 88 125 79 3 203 216 2
8 94 203 2 220 74 226 105 232 118 224 206 41 84 192 229 61
7 229 22 207 60 0 226 106 100 21 223 205 21 119 245
1 99 246
4 61 222 228 42 207 42 93 246
6 241 22 86 214 65 77 116 201 118 200 65 215
14 219 41 65 102 65 252 61 220 74 226 87 255 0 226 66 114 231 2 84 101 219 3 218 3 67 252 84 89
6 217 43 217 60 65 192 124 214 241 63 95 221
11 95 224 64 213 2 226 106 101 87 113 66 235 94 226 204 3 64 115 127 101 242 0
3 94 246 72 223 65 100
6 99 245 60 221 243 0 124 101 86 76 106 113
12 0 225 62 200 97 220 99 247 229 40 64 89 217 40 127 194 124 101 87 255 127 76 62 200
12 85 90 74 227 119 222 75 203 126 88 84 212 66 100 66 115 3 226 42 223 67 115 127 235
5 228 23 105 234 204 42 98 200 64 101
7 40 225 66 195 241 41 22 246 97 244 22 246 75 201
7 86 192 105 103 229 62 67 113 72 223 67 78 119 201
9 66 232 66 79 96 246 243 63 205 40 104 235 84 214 2 226 42 203
8 106 253 97 223 66 232 94 225 84 77 104 78 105 78 241 43
13 116 246 125 90 127 235 86 78 67 214 64 232 106 254 105 76 228 1 87 103 66 213 41 225 42 200
7 65 103 75 244 72 227 94 220 117 225 218 40 106 255
3 207 63 64 102 65 254
8 104 254 205 0 126 234 240 21 65 91 62 220 119 246 207 23
14 87 114 3 202 104 253 106 78 104 113 64 254 127 114 67 215 1 220 85 89 104 195 230 21 216 3 84 78
1 97 201
4 41 244 84 213 86 115 205 61
10 66 114 104 103 66 195 85 115 3 220 216 40 62 225 105 103 61 201 118 200
5 21 202 105 100 94 201 105 101 116 225
12 66 253 87 212 231 61 2 222 229 41 118 221 97 246 72 245 73 223 42 223 124 215 63 247
2 107 101 119 246
6 206 63 95 223 125 192 94 200 63 225 62 223
13 1 200 124 100 94 227 107 232 125 252 125 115 124 114 67 114 218 63 125 77 127 214 219 63 119 203
3 85 113 99 201 104 103
11 22 224 207 63 67 76 125 77 67 78 126 78 127 255 86 252 86 79 116 245 127 90
7 43 223 93 201 126 77 97 222 3 247 124 252 93 247
9 125 101 216 20 96 222 124 78 105 233 205 2 86 255 40 203 60 200
6 228 22 99 203 92 244 242 22 104 114 65 78
9 98 227 240 21 116 225 86 89 64 112 204 0 96 220 86 214 64 103
7 117 225 243 61 74 246 206 21 3 220 125 215 42 201
9 23 225 85 77 240 63 206 61 1 221 231 41 229 1 84 91 97 227
10 64 255 240 0 43 203 92 247 125 100 104 79 204 1 127 103 206 1 66 193
9 93 227 93 223 86 234 75 244 40 220 67 113 229 21 243 61 107 101
9 204 22 40 246 0 220 117 246 64 215 124 215 116 246 97 220 219 20
8 73 225 85 77 86 252 243 23 3 245 217 63 242 21 95 227
0
0
0
0
0
0
0
0
0
0
0
0
0
0
0
0
0
0
0
0
0
0
0
0
0
0
0
0
0
0
0
0
10 67 114 104 193 92 226 66 113 231 2 86 253 127 90 217 1 86 214 107 113
3 87 113 63 227 3 222
5 204 20 107 192 228 21 67 235 40 200
6 99 245 216 60 116 245 64 213 93 200 64 102
13 21 227 21 244 1 221 105 88 105 232 230 0 106 115 106 255 2 247 231 62 116 246 241 42 64 232
6 117 226 72 220 97 246 65 78 230 0 240 2
11 127 213 20 244 86 234 229 23 243 2 104 76 61 200 104 90 105 101 87 113 97 221
8 218 62 63 222 75 222 84 89 87 194 67 79 125 103 40 246
9 84 77 65 113 92 246 99 203 204 22 86 233 74 220 66 103 99 224
12 67 235 84 195 61 221 229 43 107 103 216 60 93 223 218 63 106 100 104 103 72 226 229 40
6 125 100 43 223 241 60 72 221 73 225 97 221
12 104 235 84 101 3 202 242 3 94 202 116 244 21 220 230 43 86 235 97 224 229 60 126 100
10 230 40 106 91 124 214 86 79 64 255 219 2 65 90 60 244 65 194 87 232
10 86 102 243 62 95 246 87 89 126 114 2 227 75 221 63 247 86 212 97 203
11 64 112 85 232 84 215 67 78 107 253 73 222 241 22 95 222 74 223 43 227 62 225
7 66 113 42 224 2 245 217 42 216 23 219 40 63 226
9 216 60 66 112 243 1 40 201 124 252 216 20 73 201 126 112 217 63
16 98 202 84 234 85 253 218 61 40 223 1 226 66 100 107 195 86 192 96 223 125 90 105 102 22 203 0 226 127 253 87 233
6 85 215 217 62 85 77 21 203 243 0 0 224
5 230 23 87 192 116 200 62 247 65 255
3 99 201 64 78 22 200
10 124 254 218 60 240 41 216 43 62 220 116 227 84 90 240 3 67 234 84 213
8 105 91 93 245 73 226 229 2 105 212 96 247 217 61 66 232
10 104 194 63 247 2 244 0 224 127 113 106 213 92 223 241 22 20 220 204 22
9 118 244 218 42 127 103 43 202 126 103 118 201 98 203 3 222 23 247
7 67 101 116 200 94 244 98 247 1 224 61 224 104 90
9 61 226 125 255 206 63 204 2 3 202 219 41 95 244 84 214 124 214
4 127 88 117 247 86 100 230 40
8 125 101 23 223 67 76 96 247 105 255 104 192 87 77 106 77
6 127 233 127 102 240 63 22 244 95 224 85 112
13 204 41 229 61 231 1 87 89 243 1 87 112 219 22 118 202 96 245 74 201 125 254 64 215 124 113
8 66 214 2 221 106 103 230 2 93 223 60 201 106 89 61 221
8 40 247 106 89 94 222 67 76 240 42 85 113 218 2 72 201
5 125 193 125 232 216 62 40 247 95 227
9 21 202 75 202 230 22 1 221 104 100 2 202 73 202 1 222 206 61
10 64 255 127 235 126 215 40 202 67 235 74 246 127 255 105 253 0 225 94 246
8 60 246 217 0 127 194 96 221 98 225 75 245 95 245 42 221
8 229 40 84 253 86 101 67 113 240 41 23 201 42 224 73 226
11 64 252 65 90 97 244 98 201 106 192 85 113 218 42 66 114 93 220 106 253 204 3
14 41 246 41 226 74 200 125 91 87 102 84 232 84 194 228 22 230 41 98 220 104 101 104 89 106 115 87 76
8 218 21 60 220 125 103 106 77 87 195 105 90 107 89 87 112
12 106 115 204 41 219 1 104 115 22 223 66 212 2 225 218 42 98 220 104 102 41 244 116 221
14 95 223 2 221 99 202 124 115 73 200 43 221 97 222 87 215 85 112 86 195 74 200 66 193 104 115 67 214
7 93 225 43 244 87 214 104 213 64 233 107 91 1 221
7 217 3 228 63 242 62 107 214 218 21 74 223 97 200
9 241 22 231 1 2 203 87 233 22 220 105 192 241 3 125 214 75 244
6 84 193 74 244 126 78 230 22 92 224 22 223
10 74 200 75 221 127 212 127 234 75 203 86 234 84 233 230 41 107 234 229 20
5 73 246 64 76 126 233 41 202 85 252
8 96 222 20 245 228 23 42 224 230 3 116 246 64 114 107 235
10 241 43 127 193 116 227 105 255 206 63 3 245 94 223 241 2 105 77 0 222
6 124 194 105 195 106 214 20 202 0 220 84 235
5 65 114 116 222 75 224 125 255 104 90
7 43 203 40 245 127 103 230 63 216 22 74 227 126 234
6 63 222 84 214 67 234 218 2 106 232 126 254
11 105 78 106 89 60 226 207 2 63 225 125 103 23 222 228 41 105 255 127 254 94 226
10 242 0 107 77 229 21 107 192 74 222 65 90 119 247 43 200 41 220 125 212
17 204 60 0 221 107 103 21 247 22 245 218 60 106 115 64 115 230 20 41 201 95 244 84 252 20 226 127 101 104 212 124 101 73 225
9 204 41 107 195 3 223 87 195 92 226 127 76 118 223 240 43 207 1
7 98 201 95 246 116 222 116 226 67 114 204 3 96 201
