1029
0.5
31000
101 4
1024
1 1
2 0 41
2 81 3
3 2 82 5
1 44
3 42 3 45
2 87 46
1 47
2 11 9
3 8 88 33
1 34
2 88 8
1 36
3 14 60 37
2 15 13
2 89 14
1 56
4 62 57 71 64
3 58 55 30
1 59
1 60
1 61
3 23 69 60
2 63 22
1 48
1 26
2 27 25
2 26 29
1 31
4 75 53 27 50
3 18 59 31
3 28 76 30
2 33 35
5 94 9 39 89 32
6 115 10 46 126 35 90
2 34 32
3 60 12 37
4 93 38 13 36
4 37 117 39 89
2 38 33
1 41
4 40 81 1 42
4 5 80 41 43
2 42 45
5 84 4 47 86 45
3 44 43 5
5 47 86 127 34 6
5 7 46 87 90 44
2 24 72
1 73
2 29 51
4 76 50 53 73
1 53
5 52 29 77 51 100
1 78
2 79 18
4 59 107 57 16
4 56 63 65 17
2 18 59
6 67 78 19 56 58 30
5 61 36 13 20 22
3 92 21 60
3 17 65 63
5 71 64 62 23 57
3 67 63 17
2 57 62
3 78 67 104
4 66 107 59 64
2 108 117
3 22 180 70
2 69 71
5 177 182 63 17 70
2 73 48
4 97 72 51 49
1 98
3 77 29 100
3 31 100 51
3 75 101 53
4 54 191 66 59
2 103 55
2 81 42
3 2 80 41
2 122 3
2 121 85
3 44 85 124
3 84 83 125
2 46 44
4 6 114 47 125
3 9 112 11
5 38 115 33 168 15
2 34 47
1 115
3 61 109 93
3 37 92 117
3 95 118 33
2 112 94
2 97 184
3 98 96 73
4 97 74 184 186
1 187
6 101 188 75 76 103 53
2 77 100
1 106
2 100 79
2 66 107
2 177 111
4 155 107 102 191
5 56 104 67 179 106
3 173 180 68
2 92 181
1 182
2 105 176
5 168 115 170 95 88
2 169 128
3 87 115 126
5 34 112 114 91 89
3 181 133 172
7 38 118 68 134 173 180 93
3 117 119 94
2 118 168
2 137 121
4 120 122 83 136
3 82 162 121
1 125
1 84
3 85 123 87
5 143 127 114 34 166
5 126 167 165 140 46
2 129 113
3 128 135 249
4 142 131 211 168
4 171 130 249 210
4 156 133 181 252
4 255 116 134 132
4 133 135 254 117
5 175 129 134 255 214
2 121 137
5 161 120 216 243 136
2 219 162
2 244 141
2 164 127
5 247 165 139 167 245
1 130
3 126 247 167
1 184
1 146
4 147 234 186 145
4 146 149 187 235
4 151 188 236 149
4 147 196 148 237
4 190 154 151 238
5 148 191 150 239 226
4 155 176 224 153
4 225 177 152 159
4 198 226 155 150
6 154 106 227 179 152 225
2 132 157
4 158 231 181 156
4 159 157 182 230
3 181 153 158
1 161
4 160 137 162 242
4 161 163 138 122
2 162 165
3 140 167 165
5 163 127 141 244 164
2 126 247
4 141 127 164 143
6 119 89 169 171 112 130
3 168 175 113
2 112 171
4 131 170 168 248
3 173 116 180
4 108 174 117 172
1 173
2 169 135
2 152 111
4 71 153 183 105
1 179
3 178 107 155
5 117 108 69 172 181
6 109 180 132 157 159 116
4 110 71 158 231
2 230 177
3 98 96 144
1 186
3 98 185 146
4 237 99 234 147
3 189 100 148
1 188
1 150
3 106 78 151
4 234 193 346 344
3 345 192 233
2 346 234
2 348 235
3 149 236 375
4 346 237 349 239
5 350 339 154 238 199
2 351 198
2 203 224
4 339 207 337 225
2 226 379
2 200 339
1 340
1 229
1 207
4 201 206 224 341
4 211 355 330 328
2 215 334
3 131 222 250
3 130 208 354
4 334 229 252 213
1 212
4 215 252 254 135
3 214 209 335
4 137 240 320 217
3 216 243 218
3 242 219 217
4 138 221 218 244
2 223 221
3 219 325 220
1 210
4 245 220 327 247
3 200 207 152
4 231 201 155 153
3 151 202 154
1 155
1 229
4 212 205 230 228
3 229 183 158
3 225 182 157
1 233
4 193 344 234 232
6 194 187 146 192 233 345
2 195 147
2 148 196
3 197 187 149
3 198 150 351
2 151 197
1 216
1 242
3 218 241 161
3 137 245 217
4 139 247 219 165
3 141 223 243
1 250
5 141 223 143 244 166
3 171 251 249
4 328 131 248 129
3 246 210 251
2 250 248
5 212 253 340 214 132
1 252
2 214 134
2 133 135
1 259
2 302 377
2 259 295
5 258 379 496 299 256
4 300 357 284 261
3 262 260 308
3 261 382 302
2 301 383
2 288 368
1 369
2 267 505
4 371 269 266 291
2 372 292
2 293 267
1 374
2 298 375
2 312 273
5 274 313 361 482 272
4 275 273 481 312
3 322 363 274
3 277 364 316
2 367 276
2 355 282
3 484 365 319
2 281 354
4 353 335 305 280
4 278 486 283 304
3 282 307 330
5 260 356 285 381 308
4 286 359 284 357
2 305 285
2 309 359
4 506 504 264 289
2 464 288
2 467 291
3 290 507 267
2 268 469
2 269 371
3 298 295 471
4 372 258 470 294
1 297
4 497 296 303 499
4 496 271 299 294
4 298 499 378 259
1 260
2 263 302
7 303 257 383 502 301 381 262
4 297 302 382 503
3 282 305 307
6 286 359 281 489 448 304
2 307 318
4 304 283 491 306
5 492 309 357 261 284
5 310 493 500 308 287
3 309 311 492
2 353 310
3 274 272 482
1 273
3 361 480 315
4 317 314 365 483
3 317 319 276
2 316 315
5 319 450 354 306 484
3 318 279 316
1 216
1 322
4 360 323 321 275
2 322 363
2 364 363
1 221
2 355 330
2 223 354
5 249 331 329 359 208
2 328 353
5 326 283 352 331 208
2 328 330
1 340
1 357
4 209 358 353 212
3 281 215 357
1 337
4 343 201 377 336
2 339 376
6 198 379 203 338 201 374
5 252 341 382 204 332
4 356 340 342 207
2 341 343
3 383 337 342
3 233 192 368
3 234 369 193
5 370 197 347 194 192
2 346 371
2 351 195
1 197
1 198
4 199 375 348 238
3 353 355 330
6 281 359 329 311 334 352
5 280 318 327 211 355
5 352 326 208 354 278
2 341 284
6 260 308 285 358 335 333
3 359 334 357
6 358 305 328 353 285 287
2 361 322
3 314 273 360
1 363
5 275 323 324 362 365
4 365 367 324 276
4 315 363 364 279
1 367
3 277 366 364
2 344 264
2 345 265
1 346
3 347 293 267
4 373 375 295 268
1 372
3 339 270 378
4 196 351 271 372
2 338 377
3 376 257 337
3 374 299 379
4 378 339 202 259
1 381
4 382 284 380 302
5 383 381 262 303 340
4 382 343 302 263
1 424
4 665 425 464 667
2 424 426
3 667 665 389
4 668 389 391 427
4 671 387 669 388
1 391
6 692 388 431 671 470 390
4 393 663 656 418
5 392 399 657 703 417
3 658 475 395
6 394 659 430 474 419 417
3 404 660 676
5 423 661 663 421 652
5 701 420 422 662 399
3 398 663 393
4 440 401 447 403
5 448 400 441 649 446
2 647 442
1 400
6 700 444 446 652 677 396
4 653 452 406 445
1 405
1 655
3 640 681 434
3 435 641 433
2 411 683
2 410 435
3 436 413 644
2 439 412
1 646
1 439
3 497 479 472
3 393 395 663
3 392 474 670
4 473 475 395 658
3 478 398 476
3 662 397 477
3 423 478 398
2 422 397
3 464 386 384
4 426 664 385 504
5 464 466 386 425 665
3 388 506 467
2 511 431
1 469
2 470 395
4 471 508 428 391
1 433
2 432 409
4 461 408 435 643
5 409 437 411 434 459
3 437 412 439
2 435 436
1 442
5 463 436 413 415 486
3 448 443 400
1 401
3 402 438 450
2 440 490
4 404 452 445 500
5 405 446 654 652 444
4 404 445 401 447
2 446 400
6 401 305 451 488 449 440
1 448
5 490 451 442 462 318
2 450 448
4 405 476 444 453
2 454 452
2 453 455
1 454
1 480
1 481
1 482
2 484 435
3 463 484 461
3 434 460 485
2 463 450
4 462 439 460 487
5 289 385 426 424 504
1 505
2 506 426
3 507 290 427
1 469
4 429 292 468 509
5 391 430 471 295 510
3 431 470 294
2 416 496
2 497 419
3 418 498 395
3 394 419 499
4 452 420 477 500
3 478 421 476
5 479 502 477 422 420
3 496 478 416
3 314 481 456
4 480 274 457 482
5 458 312 273 483 481
2 482 315
4 459 279 318 460
1 461
3 490 282 439
1 463
1 448
1 305
3 443 450 486
1 307
2 310 308
2 494 309
2 493 495
1 494
5 479 499 472 259 298
3 473 297 416
3 474 499 510
5 297 299 496 475 498
3 309 476 444
1 502
3 302 501 478
1 303
3 464 425 288
3 465 266 506
5 427 466 505 288 507
4 291 509 506 467
2 509 431
3 508 507 469
3 511 470 498
2 428 510
3 559 513 515
4 633 519 512 555
4 632 606 631 634
2 752 512
2 597 540
3 639 557 637
3 633 757 558
4 559 639 513 632
2 761 544
2 600 545
1 523
3 522 525 627
1 525
6 524 549 551 629 523 604
3 550 527 767
3 549 766 526
2 737 568
3 617 530 576
5 618 616 529 531 573
3 530 619 533
2 533 622
4 531 573 621 532
3 622 574 611
3 575 562 740
1 560
2 609 561
2 747 562
3 563 611 609
5 564 612 749 516 541
5 540 636 542 615 613
2 541 612
3 567 615 585
3 520 721 760
2 761 521
2 762 760
1 763
1 551
3 525 765 527
2 526 766
3 767 525 548
2 555 553
2 552 559
2 555 731
5 753 552 554 513 634
2 756 708
2 757 517
2 518 758
5 759 512 757 519 553
3 744 536 563
6 711 567 537 747 750 745
4 563 535 574 538
5 745 704 539 560 562
3 748 540 565
2 564 614
1 750
3 561 543 705
2 736 528
2 712 737
2 619 571
3 570 573 737
2 742 740
5 619 533 741 571 530
7 610 747 534 575 740 562 719
2 535 574
3 529 984 577
4 617 578 576 985
2 986 577
2 987 619
1 620
2 989 621
1 622
3 991 623 989
4 1017 608 615 976
2 609 543
4 1014 610 978 587
1 586
4 614 980 589 596
2 590 588
1 589
2 983 615
3 595 632 593
2 599 592
3 606 595 1006
3 633 594 592
3 972 588 636
3 516 998 637
1 599
5 639 975 598 993 593
2 624 521
1 625
1 626
1 605
6 628 1007 607 966 525 605
5 1003 603 604 965 967
5 964 966 594 607 514
4 606 604 631 965
2 584 609
4 537 539 608 585
3 622 586 574
2 534 539
2 542 540
1 541
3 588 565 615
5 614 584 543 591 541
2 530 617
3 616 529 577
1 530
4 573 579 570 531
2 580 623
2 533 581
5 582 610 534 623 532
3 622 583 620
2 600 625
3 601 626 624
3 625 627 602
2 626 523
3 965 967 604
1 525
2 634 970
2 607 514
4 519 592 635 514
4 513 968 595 518
4 635 630 514 555
2 632 634
3 541 637 596
3 517 597 636
1 639
4 519 638 599 517
2 408 641
3 681 409 640
2 680 643
5 645 642 684 434 722
2 645 412
3 644 643 685
5 647 650 727 414 686
2 646 402
2 651 649
4 673 648 401 655
2 651 646
4 650 675 648 673
4 404 678 445 397
4 677 700 654 405
6 445 735 653 678 733 655
5 679 654 729 407 649
1 392
1 393
2 394 419
2 697 395
3 700 396 709
1 397
3 421 398 702
5 397 703 399 392 417
3 688 425 665
6 385 387 689 664 712 426
3 667 693 690
3 387 385 666
2 694 388
2 389 693
2 671 418
4 389 695 391 670
2 730 673
4 651 649 729 672
1 675
2 674 651
2 677 396
4 404 653 733 676
3 652 654 734
1 655
2 642 681
4 641 682 680 408
4 763 720 683 681
3 410 723 682
2 687 643
1 645
5 687 731 726 646 754
4 766 727 684 686
2 714 664
1 665
1 666
1 693
5 391 741 743 716 693
5 717 666 691 669 692
6 746 698 695 668 718 707
3 671 694 719
2 697 747
5 696 703 659 705 710
3 694 706 699
2 705 698
5 756 701 660 404 653
4 398 711 709 700
1 662
4 711 393 697 663
4 707 744 705 563
6 745 750 704 567 697 699
2 744 698
3 694 704 745
3 748 732 556
5 749 710 660 701 751
3 709 750 697
5 701 703 751 561 749
3 665 713 569
4 739 712 737 714
4 713 738 715 688
2 717 714
2 692 742
4 738 693 715 741
1 694
3 743 574 695
3 721 682 762
3 722 720 544
3 721 723 643
4 683 763 725 722
3 727 764 725
3 723 765 724
2 766 686
4 646 724 687 767
3 731 752 729
4 655 673 728 758
4 754 731 752 672
6 728 766 554 730 755 686
3 756 708 733
4 732 654 677 757
3 758 678 735
3 752 654 734
2 737 568
5 713 571 736 528 569
2 717 714
2 713 741
4 572 535 741 574
5 692 740 739 573 717
3 716 746 572
2 719 692
4 706 704 747 560
4 563 561 707 705
3 742 747 694
6 746 561 574 538 696 744
2 564 708
3 711 540 709
4 561 705 710 566
2 711 709
4 728 730 735 515
2 555 759
2 730 686
1 731
3 556 732 700
4 518 559 557 733
4 558 759 729 734
3 559 758 753
3 544 546 761
4 760 545 520 762
4 720 546 763 761
4 682 723 547 762
1 724
2 725 549
5 731 550 687 527 726
3 526 727 551
1 808
2 848 809
1 810
2 811 850
2 773 775
3 813 815 772
1 814
2 772 802
1 800
2 806 801
2 854 779
3 778 803 858
1 804
1 805
2 783 806
1 782
1 787
1 791
2 798 787
3 784 827 786
1 789
2 788 829
1 830
2 831 785
1 816
1 794
2 795 793
3 794 797 845
2 820 819
4 795 818 821 844
3 822 799 786
3 826 798 821
4 803 883 776 801
4 880 859 800 777
2 803 775
4 859 800 802 779
4 828 805 862 780
4 781 884 804 806
4 807 777 805 782
1 806
3 848 768 809
3 769 810 808
4 891 850 770 809
4 813 771 893 852
3 895 893 813
4 853 773 812 811
3 854 859 774
3 892 855 773
3 840 842 792
1 841
2 797 819
5 821 818 796 843 866
4 821 823 869 796
6 819 847 845 797 820 799
1 798
2 820 847
1 827
3 831 838 835
2 799 827
4 835 787 824 826
2 829 804
6 830 828 839 876 789 860
5 790 838 829 877 831
3 791 830 825
2 872 874
1 873
1 874
3 875 825 827
2 876 949
1 838
5 839 825 878 837 830
4 877 838 829 945
2 841 816
4 817 865 842 840
4 843 816 841 869
2 842 819
3 797 847 867
3 821 955 795
2 875 870
4 823 871 844 821
3 888 808 769
2 889 850
6 851 771 888 849 810 890
2 853 850
3 935 855 811
4 895 813 893 851
3 894 778 814
4 852 895 932 815
3 937 882 859
1 881
3 859 779 934
6 856 814 803 858 801 883
2 829 884
1 885
2 804 886
1 887
2 865 913
2 864 841
3 915 819 867
3 866 844 869
1 871
4 867 957 820 842
4 874 846 958 871
4 868 959 870 847
4 832 875 944 946
2 945 833
5 834 870 875 946 832
4 874 835 846 872
3 836 829 948
3 830 839 878
4 927 950 838 877
1 951
4 801 943 899 883
2 937 857
3 883 894 856
6 937 882 880 859 800 939
5 805 940 860 885 949
5 948 861 886 884 943
3 862 887 885
3 941 886 863
2 850 848
3 931 849 929
1 850
2 893 810
2 815 895
6 811 891 853 930 933 812
4 854 895 882 934
7 812 933 892 935 855 894 853
4 899 936 897 1018
3 939 942 896
1 899
5 880 898 939 896 1019
1 924
2 1021 902
2 940 901
3 1023 936 943
2 928 1008
1 906
4 933 928 907 905
2 909 906
2 1012 931
3 1015 907 933
1 1014
2 990 935
3 1002 1000 952
4 1001 960 864 953
2 915 957
5 914 953 955 866 1003
1 1004
4 963 1005 957 954
2 967 1006
2 1005 1007
3 992 921 923
2 920 927
2 923 944
2 920 922
5 948 900 925 1021 950
2 926 924
2 927 925
5 921 878 951 999 926
3 906 1009 904
2 1008 889
2 931 893
4 889 933 930 908
3 855 933 935
6 906 909 895 931 932 893
2 894 858
4 932 895 911 852
3 896 903 1019
4 856 943 881 883
1 939
5 1016 883 899 938 897
4 941 948 884 902
3 942 940 887
3 897 941 1023
4 903 880 885 937
4 872 947 945 922
5 873 944 951 999 839
2 874 872
1 944
6 885 997 924 1020 876 940
3 950 884 836
5 999 878 951 949 924
5 879 998 927 950 945
1 912
3 915 913 1002
2 955 917
3 845 915 954
1 959
4 869 917 914 1004
1 870
2 956 871
2 1000 913
1 1001
2 963 1005
3 962 917 965
3 967 1006 606
4 605 963 628 607
4 604 967 1006 606
5 964 605 966 628 918
4 969 633 994 971
3 968 998 975
2 971 630
4 968 995 1006 970
4 996 596 973 998
1 972
1 975
4 599 969 974 999
1 584
2 1019 983
4 990 1018 979 586
2 1019 978
3 981 1020 588
3 980 1021 982
1 981
3 1023 591 977
2 1008 576
1 577
3 578 1008 1010
2 1011 579
2 991 1012
3 583 1015 581
3 1014 978 911
4 1015 583 1013 988
1 920
2 599 999
2 1006 968
1 971
1 972
2 998 948
6 999 951 597 969 997 972
6 927 998 945 950 993 975
3 1001 960 912
4 1002 913 961 1000
4 953 912 1003 1001
4 1005 915 1002 605
4 1005 1007 916 957
5 962 919 1004 1003 917
7 1007 964 971 994 966 918 594
4 604 1004 1006 919
4 904 986 984 929
2 1010 928
2 986 1009
1 987
3 908 1013 988
2 1012 991
3 990 910 586
3 989 909 991
2 939 1019
2 1023 584
2 896 978
5 1016 936 977 899 979
2 980 948
3 981 901 924
1 1023
5 1017 903 1022 942 983
60 182
2 280 740 536 717
3 280 259 536 442 536 845
0
0
1 256 738
1 536 680
2 536 555 536 943
1 512 695
0
0
1 280 638
0
0
1 256 484
1 536 604
2 512 913 256 101
1 512 371
0
2 280 620 280 12
1 280 996
1 512 272
0
1 280 241
1 536 558
2 512 389 536 1002
0
2 280 209 512 183
1 536 738
0
2 512 570 512 323
1 280 406
2 256 836 256 48
1 512 982
1 280 109
2 512 7 280 800
2 280 994 280 204
0
0
0
0
0
0
0
1 256 948
0
0
2 280 379 536 857
0
2 536 448 280 324
1 536 290
1 256 540
0
2 512 98 256 102
3 536 174 256 969 256 281
0
0
0
1 280 29
0
1 280 610
0
0
0
0
0
0
0
0
0
0
0
0
0
0
0
0
0
0
0
0
0
0
0
0
0
0
0
0
0
0
0
0
0
0
0
0
0
0
0
0
0
0
0
0
0
0
0
0
0
0
0
0
0
0
0
0
0
0
0
0
0
0
0
1 280 895
2 280 235 280 517
0
0
1 280 987
1 512 95
1 280 168
1 256 637
1 512 62
1 536 32
0
0
1 536 134
1 536 652
4 256 328 512 879 536 394 280 918
2 512 640 512 214
0
0
0
3 280 23 256 958 280 886
3 512 322 280 443 536 861
1 512 898
0
0
1 512 505
0
0
1 280 232
0
2 256 954 536 426
0
0
0
0
1 536 426
1 512 876
1 512 998
0
0
0
0
0
2 280 10 280 988
1 280 392
0
1 536 533
1 536 803
1 280 348
4 280 984 280 334 512 798 536 614
1 256 127
0
3 512 636 512 233 280 383
2 256 41 512 106
0
0
0
0
0
1 512 652
