69
0.5
9000
1 4
64
1 10
1 2
3 15 1 8
4 17 9 22 5
2 7 5
3 4 8 3
1 12
1 4
5 22 20 5 11 2
3 15 3 23
3 0 20 22
1 8
2 18 6
2 26 19
1 16
3 2 19 9
3 14 45 26
3 44 3 27
2 19 12
4 15 25 18 13
3 10 30 8
1 31
4 8 3 10 28
2 9 29
1 46
3 19 45 47
4 16 13 46 44
5 45 17 33 42 29
3 31 29 22
5 28 39 23 27 32
3 40 20 31
4 21 34 28 30
6 62 33 42 60 35 29
4 32 56 39 27
2 31 35
2 34 32
2 56 37
4 57 36 47 59
2 56 49
5 57 53 33 45 29
1 30
1 42
4 32 41 61 27
1 45
3 47 26 17
5 25 39 27 43 16
3 26 24 47
4 46 44 25 37
1 49
3 59 48 38
1 56
3 57 53 62
2 53 55
3 51 52 39
2 55 62
3 54 61 52
6 59 50 57 38 33 36
5 37 63 56 39 51
1 59
4 56 58 37 49
2 32 61
3 55 42 60
3 54 32 51
1 57
1000 2018
0
0
0
0
0
0
0
0
0
0
0
0
0
0
1 7 29
0
0
0
0
0
0
0
0
0
0
0
0
0
0
1 15 40
0
0
0
0
0
0
0
0
0
0
0
0
0
0
0
0
0
0
0
0
0
0
0
0
0
0
0
0
0
0
0
0
0
0
0
0
0
0
0
0
0
0
0
0
0
0
0
0
0
0
0
0
0
0
0
0
0
0
0
0
0
0
0
0
0
0
0
0
0
0
0
0
0
0
0
0
0
0
0
0
0
0
0
0
0
0
1 60 7
0
0
0
0
0
0
0
0
0
0
0
0
0
0
0
0
0
0
0
0
0
0
0
0
0
0
0
0
0
0
0
0
1 62 59
1 16 56
0
0
0
0
0
0
0
0
0
0
0
0
0
0
0
0
0
0
0
0
1 34 10
0
0
0
0
0
0
0
0
0
0
0
0
0
0
0
0
0
0
1 40 55
0
0
0
0
0
0
0
0
0
0
0
0
0
0
0
0
0
0
0
0
0
0
0
0
0
0
0
0
0
0
0
0
0
0
0
0
0
0
0
0
0
0
0
0
0
0
1 21 1
0
0
0
0
0
0
0
0
0
0
0
1 6 0
0
0
0
0
0
0
0
0
0
0
0
0
0
0
0
0
0
1 9 48
0
0
0
0
0
0
1 49 31
0
0
0
0
0
0
0
1 1 54
0
0
0
0
0
0
0
0
0
0
1 27 24
0
0
0
0
1 33 11
0
0
0
0
0
0
0
0
0
0
0
0
0
0
0
0
0
0
0
0
0
0
0
0
0
0
0
0
0
0
0
0
0
0
0
0
0
0
0
0
0
0
0
0
0
0
0
0
0
0
0
0
0
0
0
0
0
0
1 42 11
0
0
0
0
0
0
1 1 33
0
0
0
0
0
0
0
0
0
0
0
0
0
0
0
0
0
0
0
0
0
0
0
0
0
0
0
0
0
0
1 56 13
0
1 4 12
0
0
0
0
1 21 9
0
0
0
0
0
0
0
1 16 34
0
0
0
0
0
0
0
0
0
0
0
0
0
0
0
0
0
0
0
0
0
0
0
0
0
0
0
0
0
0
0
1 40 53
0
0
0
0
0
0
0
0
0
0
0
0
0
0
0
0
0
0
0
0
0
0
0
0
0
0
0
0
0
0
0
0
0
0
0
0
0
0
0
0
0
0
0
0
0
1 5 26
0
0
0
0
0
0
0
0
0
0
0
1 41 10
0
0
0
0
0
0
0
0
0
0
0
0
0
0
0
1 42 16
0
0
0
0
0
0
0
0
0
0
0
0
0
0
0
0
1 23 26
0
0
0
0
0
0
0
0
0
0
0
0
0
0
0
0
0
0
0
2 56 43 52 57
0
0
0
0
0
0
0
0
0
0
0
0
0
0
0
0
0
0
1 58 9
0
0
0
0
0
0
0
0
0
0
0
0
0
0
0
0
0
0
0
0
0
0
0
0
0
0
0
0
0
0
0
0
0
0
0
0
0
0
0
0
0
0
0
0
0
0
0
0
0
0
0
0
0
0
0
0
0
0
0
1 59 1
0
0
0
0
0
0
0
0
0
0
0
0
1 46 12
0
0
0
1 18 3
0
0
0
0
0
0
0
0
0
0
0
0
0
0
0
0
0
1 35 16
1 26 6
0
0
0
1 13 0
0
0
0
0
0
0
0
0
0
0
0
0
0
0
0
0
0
0
0
0
0
0
0
0
1 39 22
0
0
0
0
0
1 9 16
0
0
0
0
0
0
0
0
0
0
0
0
0
0
0
1 18 4
1 12 21
0
0
0
0
0
0
0
0
0
0
0
0
0
0
0
0
0
0
0
0
0
1 1 11
0
0
0
0
0
0
0
0
1 52 3
0
0
0
0
0
0
0
0
0
0
0
0
0
0
0
0
1 31 23
0
0
0
0
0
0
0
0
0
0
0
0
0
0
0
0
0
0
0
0
0
0
0
0
0
0
0
0
0
0
0
0
0
0
0
0
0
0
0
0
0
0
0
0
0
0
0
0
0
0
0
1 34 40
0
1 49 41
0
0
0
0
1 3 30
0
0
0
0
0
0
0
0
1 37 1
0
0
0
0
0
0
0
0
0
0
1 18 22
0
0
0
0
0
0
0
0
0
0
0
0
0
0
0
0
0
0
0
0
0
0
0
0
0
0
0
0
0
0
0
1 28 46
0
0
0
0
0
0
0
0
0
0
0
0
0
0
0
0
0
0
0
0
0
0
0
0
0
0
0
0
0
0
0
0
0
0
0
0
0
0
0
0
0
0
0
0
0
0
0
0
0
0
1 9 41
0
0
0
0
0
0
0
0
0
0
0
0
1 12 50
1 4 39
0
0
0
0
0
0
0
0
1 16 40
0
0
0
0
0
0
0
0
0
0
0
0
0
0
0
0
0
0
0
0
0
0
0
0
0
1 2 34
0
0
0
0
0
0
0
0
0
0
0
0
0
0
0
0
0
0
0
0
0
0
0
0
0
0
0
0
0
0
0
0
0
0
0
0
0
0
0
0
0
0
0
0
0
0
0
0
0
0
0
0
1 7 18
0
0
0
1 45 21
0
0
0
0
0
0
0
0
0
0
0
0
0
0
0
0
0
0
0
0
0
0
0
0
0
1 4 26
0
0
0
0
0
0
0
0
0
0
1 12 53
0
0
0
0
0
0
0
1 15 10
0
1 3 47
0
0
0
0
0
0
0
1 53 13
0
0
0
0
0
0
0
0
0
0
0
0
0
0
0
0
0
0
0
0
0
0
0
0
0
0
0
0
0
0
0
0
0
0
0
0
0
0
0
0
0
0
0
0
0
0
0
0
0
0
0
0
0
0
0
0
0
0
0
0
0
0
0
0
0
0
0
0
0
0
0
1 56 21
0
1 34 53
0
0
0
0
0
0
0
0
0
0
0
0
0
0
0
0
0
0
0
0
0
0
0
0
0
0
0
0
0
0
0
0
0
0
0
0
0
0
0
0
0
0
0
0
0
0
0
0
0
0
0
0
0
0
0
0
0
0
0
1 50 49
0
0
0
0
0
0
0
0
0
0
0
0
0
0
0
0
0
1 0 21
0
0
0
0
0
0
0
0
0
0
0
0
0
0
0
0
0
0
0
0
0
0
0
0
0
0
0
0
0
0
0
0
0
0
0
0
0
0
0
1 10 37
0
0
0
0
0
0
0
0
0
0
0
0
0
0
0
0
0
0
0
0
0
0
0
0
1 46 52
1 6 15
0
0
0
0
0
0
1 17 54
0
0
0
0
0
0
0
0
0
0
0
0
1 15 29
0
0
0
0
0
0
1 9 34
0
0
0
0
0
0
0
0
0
0
0
0
0
0
0
0
0
0
1 19 28
0
0
0
0
0
0
0
0
0
0
0
0
0
0
0
0
0
0
0
0
0
0
0
0
0
0
0
0
0
0
0
0
0
0
0
0
0
0
0
0
0
0
0
0
0
0
0
0
0
0
0
0
0
0
0
0
0
1 43 59
1 21 38
0
0
0
0
1 51 34
0
0
0
0
0
0
0
0
0
0
0
0
0
0
0
0
0
0
0
0
0
0
0
0
0
0
0
0
1 40 36
0
0
0
0
0
0
0
0
0
0
1 46 42
0
0
0
0
0
0
0
0
0
0
0
0
0
0
0
0
0
0
0
0
0
0
0
0
0
0
0
0
0
0
0
0
0
0
0
0
0
0
0
0
0
0
0
0
0
0
0
0
0
0
0
0
0
0
0
0
0
0
0
1 12 57
0
0
0
0
0
0
0
0
0
0
0
0
0
0
0
0
0
0
0
0
1 39 42
0
0
0
0
0
0
1 51 6
0
1 35 2
0
0
0
0
2 16 8 10 51
0
0
1 9 8
0
0
0
0
0
0
0
1 55 46
0
0
0
0
0
1 63 35
0
0
0
0
0
0
0
0
0
0
0
0
0
0
0
0
0
0
0
0
0
0
0
0
0
0
0
0
0
0
0
0
0
2 40 27 50 53
0
0
0
0
0
0
0
0
0
0
0
0
0
0
0
0
0
0
0
0
0
0
0
0
0
1 2 47
0
0
0
0
0
0
0
0
0
0
0
0
0
0
0
0
0
0
0
0
0
0
0
0
0
0
0
0
0
1 44 1
0
0
0
0
0
0
1 18 0
0
0
0
0
0
0
0
0
0
0
1 2 13
0
0
0
0
0
0
0
0
0
0
0
0
0
1 31 26
0
0
0
0
0
0
0
0
0
0
0
1 42 19
0
0
0
0
0
0
0
0
0
0
0
0
0
0
0
0
0
0
1 16 7
0
0
0
0
0
0
0
0
0
0
0
0
0
0
0
0
0
0
0
0
0
0
0
0
0
0
0
0
0
0
0
0
0
0
0
0
0
0
0
0
0
0
0
0
0
0
0
0
0
0
0
0
0
0
0
0
0
0
0
0
0
0
0
0
0
0
0
0
0
0
0
0
0
0
0
0
0
0
0
0
0
0
0
0
0
0
0
0
0
0
0
0
0
0
0
0
0
0
0
0
0
0
0
0
0
0
0
0
0
1 23 45
0
0
0
0
0
0
0
0
0
0
0
1 7 59
0
0
0
0
0
0
0
0
0
0
0
0
0
0
0
0
0
0
0
0
0
0
0
0
0
0
0
0
0
0
0
0
0
0
1 42 24
0
0
0
0
1 0 43
0
0
0
0
0
0
0
0
0
0
0
0
0
0
0
0
0
0
0
0
0
0
0
0
0
0
0
0
0
0
0
0
0
0
0
0
0
0
0
0
0
0
0
1 12 39
0
0
0
0
0
0
0
0
0
0
0
0
0
0
0
0
0
0
0
0
0
0
0
0
0
0
0
0
0
0
0
0
0
0
0
0
0
0
0
0
0
0
0
0
0
0
0
0
0
1 19 59
0
0
0
0
0
0
0
0
0
0
0
0
0
0
0
0
0
0
0
0
0
0
0
0
0
0
0
0
0
0
0
0
0
0
0
0
1 42 5
