1029
0.5
31000
24 4
1024
1 1
2 0 41
2 3 81
3 82 5 2
1 44
3 45 42 3
2 87 46
1 47
2 11 9
3 8 88 33
1 34
2 88 8
1 36
3 37 14 60
2 15 13
2 14 89
1 56
4 57 62 64 71
3 58 30 55
1 59
1 60
1 61
3 69 23 60
2 22 63
1 48
1 26
2 25 27
2 29 26
1 31
4 50 75 27 53
3 59 31 18
3 76 28 30
2 35 33
5 94 89 9 32 39
6 10 46 35 126 115 90
2 32 34
3 37 60 12
4 13 38 93 36
4 39 37 117 89
2 33 38
1 41
4 40 42 1 81
4 80 43 5 41
2 45 42
5 4 86 47 45 84
3 43 44 5
5 6 47 127 86 34
5 44 46 7 90 87
2 72 24
1 73
2 51 29
4 53 73 50 76
1 53
5 51 52 100 77 29
1 78
2 18 79
4 16 59 57 107
4 63 56 17 65
2 18 59
6 19 78 58 30 56 67
5 36 20 22 61 13
3 60 92 21
3 17 65 63
5 62 64 23 57 71
3 63 67 17
2 57 62
3 78 67 104
4 66 59 107 64
2 117 108
3 22 180 70
2 71 69
5 182 70 17 63 177
2 73 48
4 72 51 49 97
1 98
3 29 100 77
3 51 31 100
3 101 75 53
4 191 54 59 66
2 55 103
2 81 42
3 80 2 41
2 3 122
2 85 121
3 85 124 44
3 83 125 84
2 44 46
4 125 47 6 114
3 9 112 11
5 38 15 168 115 33
2 34 47
1 115
3 109 61 93
3 117 37 92
3 33 95 118
2 94 112
2 97 184
3 73 96 98
4 186 184 97 74
1 187
6 103 76 75 188 53 101
2 100 77
1 106
2 79 100
2 107 66
2 111 177
4 102 191 155 107
5 179 106 67 56 104
3 180 68 173
2 181 92
1 182
2 105 176
5 88 115 95 168 170
2 169 128
3 126 87 115
5 89 91 34 114 112
3 133 181 172
7 134 118 38 68 173 180 93
3 94 119 117
2 168 118
2 121 137
4 122 120 136 83
3 162 82 121
1 125
1 84
3 85 123 87
5 166 34 114 127 143
5 140 126 167 165 46
2 129 113
3 135 249 128
4 211 131 142 168
4 210 130 171 249
4 156 252 133 181
4 255 132 116 134
4 254 135 133 117
5 255 175 129 134 214
2 137 121
5 243 216 136 120 161
2 162 219
2 244 141
2 127 164
5 165 139 167 245 247
1 130
3 247 126 167
1 184
1 146
4 186 234 147 145
4 146 235 149 187
4 236 188 151 149
4 148 147 196 237
4 238 190 154 151
5 191 239 150 148 226
4 176 153 224 155
4 177 159 152 225
4 155 198 226 150
6 106 227 179 225 152 154
2 157 132
4 181 158 231 156
4 182 157 159 230
3 153 158 181
1 161
4 137 162 242 160
4 161 122 138 163
2 162 165
3 165 140 167
5 164 163 127 141 244
2 126 247
4 127 141 164 143
6 112 130 119 171 89 169
3 175 168 113
2 171 112
4 168 248 170 131
3 116 173 180
4 117 174 172 108
1 173
2 135 169
2 152 111
4 105 183 153 71
1 179
3 107 178 155
5 117 172 108 181 69
6 132 116 157 180 159 109
4 231 110 71 158
2 177 230
3 98 144 96
1 186
3 185 146 98
4 234 147 99 237
3 148 189 100
1 188
1 150
3 78 106 151
4 344 234 193 346
3 192 233 345
2 346 234
2 348 235
3 149 375 236
4 237 239 349 346
5 339 199 154 238 350
2 198 351
2 224 203
4 225 207 337 339
2 226 379
2 200 339
1 340
1 229
1 207
4 206 224 201 341
4 355 211 328 330
2 334 215
3 222 250 131
3 130 354 208
4 252 229 334 213
1 212
4 135 215 254 252
3 214 335 209
4 137 217 240 320
3 218 216 243
3 242 217 219
4 221 218 244 138
2 223 221
3 325 220 219
1 210
4 327 245 220 247
3 152 207 200
4 155 231 201 153
3 202 151 154
1 155
1 229
4 205 212 228 230
3 229 158 183
3 157 182 225
1 233
4 344 232 234 193
6 187 146 233 345 194 192
2 147 195
2 196 148
3 149 187 197
3 150 198 351
2 197 151
1 216
1 242
3 241 218 161
3 217 245 137
4 247 165 219 139
3 141 243 223
1 250
5 244 223 141 143 166
3 249 251 171
4 328 248 129 131
3 251 246 210
2 248 250
5 212 253 340 214 132
1 252
2 134 214
2 133 135
1 259
2 302 377
2 259 295
5 256 299 258 379 496
4 357 261 284 300
3 308 260 262
3 261 302 382
2 301 383
2 288 368
1 369
2 505 267
4 266 371 291 269
2 372 292
2 267 293
1 374
2 298 375
2 273 312
5 274 313 482 361 272
4 312 273 275 481
3 363 274 322
3 316 277 364
2 367 276
2 355 282
3 484 365 319
2 281 354
4 305 280 353 335
4 304 278 283 486
3 282 330 307
5 381 308 260 356 285
4 284 357 359 286
2 285 305
2 309 359
4 264 289 504 506
2 288 464
2 467 291
3 267 290 507
2 469 268
2 269 371
3 471 298 295
4 294 372 470 258
1 297
4 303 296 499 497
4 271 294 299 496
4 378 298 499 259
1 260
2 263 302
7 502 301 383 381 257 303 262
4 503 297 382 302
3 282 307 305
6 489 448 304 359 281 286
2 318 307
4 306 304 283 491
5 492 357 261 284 309
5 308 500 493 287 310
3 311 492 309
2 353 310
3 272 482 274
1 273
3 361 315 480
4 317 483 365 314
3 319 317 276
2 315 316
5 484 319 354 306 450
3 318 279 316
1 216
1 322
4 360 323 321 275
2 322 363
2 363 364
1 221
2 330 355
2 354 223
5 359 249 329 208 331
2 353 328
5 331 208 283 352 326
2 328 330
1 340
1 357
4 212 353 358 209
3 357 215 281
1 337
4 201 343 336 377
2 376 339
6 379 198 203 201 374 338
5 252 341 382 332 204
4 356 207 342 340
2 341 343
3 383 337 342
3 192 368 233
3 234 193 369
5 192 197 194 347 370
2 346 371
2 195 351
1 197
1 198
4 238 199 348 375
3 353 355 330
6 311 352 329 281 359 334
5 211 355 318 327 280
5 326 278 208 352 354
2 284 341
6 335 260 285 358 333 308
3 357 334 359
6 358 287 328 285 353 305
2 322 361
3 273 314 360
1 363
5 275 324 362 323 365
4 365 324 367 276
4 279 315 364 363
1 367
3 364 277 366
2 344 264
2 345 265
1 346
3 347 293 267
4 268 375 373 295
1 372
3 378 339 270
4 351 196 271 372
2 377 338
3 376 257 337
3 379 299 374
4 259 339 202 378
1 381
4 284 382 302 380
5 381 262 303 340 383
4 343 263 382 302
1 424
4 425 665 667 464
2 426 424
3 667 665 389
4 389 668 391 427
4 387 669 388 671
1 391
6 470 671 388 431 692 390
4 393 418 656 663
5 392 703 417 399 657
3 395 658 475
6 419 394 474 417 659 430
3 660 676 404
5 421 663 661 652 423
5 422 399 701 420 662
3 393 398 663
4 403 440 401 447
5 448 441 649 446 400
2 442 647
1 400
6 700 444 396 446 677 652
4 452 406 445 653
1 405
1 655
3 434 640 681
3 435 433 641
2 411 683
2 410 435
3 644 436 413
2 412 439
1 646
1 439
3 472 479 497
3 395 393 663
3 670 474 392
4 658 395 475 473
3 398 478 476
3 397 662 477
3 398 423 478
2 422 397
3 384 464 386
4 664 426 504 385
5 425 386 464 466 665
3 388 467 506
2 511 431
1 469
2 395 470
4 508 428 391 471
1 433
2 409 432
4 435 461 408 643
5 437 409 459 434 411
3 437 412 439
2 436 435
1 442
5 463 415 486 413 436
3 400 443 448
1 401
3 402 438 450
2 490 440
4 452 404 445 500
5 654 446 652 444 405
4 445 447 404 401
2 446 400
6 488 305 440 449 401 451
1 448
5 442 451 490 462 318
2 448 450
4 444 405 476 453
2 454 452
2 453 455
1 454
1 480
1 481
1 482
2 435 484
3 461 463 484
3 434 460 485
2 463 450
4 439 487 462 460
5 289 504 424 385 426
1 505
2 506 426
3 427 290 507
1 469
4 468 429 509 292
5 471 295 391 430 510
3 470 431 294
2 416 496
2 419 497
3 498 395 418
3 499 394 419
4 477 500 452 420
3 421 476 478
5 420 422 479 502 477
3 416 496 478
3 456 481 314
4 274 457 482 480
5 273 312 481 458 483
2 315 482
4 318 460 279 459
1 461
3 282 439 490
1 463
1 448
1 305
3 450 443 486
1 307
2 310 308
2 494 309
2 493 495
1 494
5 479 298 499 259 472
3 473 297 416
3 510 474 499
5 299 496 297 475 498
3 444 476 309
1 502
3 478 501 302
1 303
3 425 464 288
3 465 266 506
5 505 288 466 427 507
4 467 509 291 506
2 509 431
3 507 469 508
3 470 498 511
2 428 510
3 559 515 513
4 633 555 512 519
4 631 632 606 634
2 512 752
2 540 597
3 639 637 557
3 757 558 633
4 513 559 632 639
2 761 544
2 600 545
1 523
3 525 627 522
1 525
6 604 549 524 551 629 523
3 550 767 527
3 549 526 766
2 737 568
3 576 530 617
5 529 531 618 573 616
3 530 619 533
2 622 533
4 531 532 621 573
3 611 574 622
3 575 562 740
1 560
2 609 561
2 747 562
3 611 609 563
5 516 541 564 612 749
5 613 540 542 636 615
2 541 612
3 615 567 585
3 520 760 721
2 521 761
2 760 762
1 763
1 551
3 525 765 527
2 766 526
3 767 525 548
2 555 553
2 552 559
2 731 555
5 753 513 552 554 634
2 708 756
2 517 757
2 758 518
5 757 553 759 519 512
3 744 536 563
6 750 567 537 711 745 747
4 563 535 574 538
5 704 539 560 745 562
3 540 565 748
2 614 564
1 750
3 561 705 543
2 528 736
2 712 737
2 619 571
3 737 573 570
2 742 740
5 530 571 741 533 619
7 610 740 575 719 562 534 747
2 574 535
3 577 984 529
4 576 578 617 985
2 986 577
2 619 987
1 620
2 621 989
1 622
3 989 991 623
4 608 615 976 1017
2 609 543
4 978 587 1014 610
1 586
4 589 614 980 596
2 588 590
1 589
2 983 615
3 632 595 593
2 599 592
3 595 1006 606
3 633 592 594
3 588 636 972
3 516 637 998
1 599
5 639 593 598 993 975
2 521 624
1 625
1 626
1 605
6 605 1007 966 607 525 628
5 965 604 603 1003 967
5 514 966 607 964 594
4 631 606 604 965
2 609 584
4 539 585 537 608
3 574 586 622
2 539 534
2 540 542
1 541
3 615 588 565
5 541 591 584 614 543
2 530 617
3 577 529 616
1 530
4 570 531 573 579
2 623 580
2 581 533
5 610 532 623 582 534
3 620 622 583
2 625 600
3 601 624 626
3 627 602 625
2 626 523
3 967 604 965
1 525
2 634 970
2 514 607
4 635 592 514 519
4 595 513 518 968
4 555 635 630 514
2 632 634
3 637 541 596
3 636 517 597
1 639
4 517 599 638 519
2 641 408
3 681 640 409
2 680 643
5 642 684 722 645 434
2 412 645
3 685 643 644
5 727 686 647 414 650
2 402 646
2 651 649
4 655 401 648 673
2 651 646
4 648 650 673 675
4 445 678 397 404
4 700 654 405 677
6 735 678 445 653 655 733
5 649 654 729 407 679
1 392
1 393
2 419 394
2 697 395
3 396 700 709
1 397
3 702 421 398
5 417 392 703 399 397
3 425 688 665
6 426 712 664 689 385 387
3 690 667 693
3 385 666 387
2 388 694
2 389 693
2 418 671
4 695 389 391 670
2 673 730
4 729 672 651 649
1 675
2 674 651
2 677 396
4 653 404 676 733
3 734 654 652
1 655
2 681 642
4 641 408 680 682
4 683 763 681 720
3 723 682 410
2 643 687
1 645
5 646 754 726 687 731
4 684 686 727 766
2 664 714
1 665
1 666
1 693
5 716 743 391 693 741
5 717 691 669 666 692
6 746 668 707 718 698 695
3 694 719 671
2 697 747
5 703 710 696 659 705
3 699 694 706
2 705 698
5 701 660 404 756 653
4 398 700 711 709
1 662
4 663 393 697 711
4 744 705 563 707
6 745 697 699 750 704 567
2 744 698
3 745 694 704
3 556 732 748
5 749 751 660 701 710
3 697 709 750
5 561 703 749 701 751
3 569 665 713
4 714 712 739 737
4 713 738 688 715
2 714 717
2 742 692
4 715 693 738 741
1 694
3 695 574 743
3 682 762 721
3 722 720 544
3 721 643 723
4 683 725 763 722
3 764 725 727
3 724 765 723
2 686 766
4 724 646 687 767
3 731 752 729
4 673 728 655 758
4 754 672 731 752
6 728 686 766 755 554 730
3 733 708 756
4 732 677 654 757
3 735 758 678
3 734 654 752
2 737 568
5 569 528 736 713 571
2 714 717
2 741 713
4 574 535 572 741
5 740 717 573 739 692
3 746 716 572
2 692 719
4 706 704 747 560
4 705 561 563 707
3 694 747 742
6 696 574 561 744 746 538
2 708 564
3 540 711 709
4 710 705 566 561
2 711 709
4 730 515 728 735
2 555 759
2 686 730
1 731
3 732 556 700
4 559 557 518 733
4 729 759 558 734
3 559 753 758
3 546 544 761
4 545 520 760 762
4 546 761 720 763
4 762 723 682 547
1 724
2 549 725
5 726 550 527 687 731
3 727 551 526
1 808
2 848 809
1 810
2 850 811
2 775 773
3 815 813 772
1 814
2 802 772
1 800
2 806 801
2 779 854
3 803 778 858
1 804
1 805
2 783 806
1 782
1 787
1 791
2 798 787
3 786 784 827
1 789
2 788 829
1 830
2 785 831
1 816
1 794
2 795 793
3 845 794 797
2 819 820
4 844 795 818 821
3 822 786 799
3 826 821 798
4 803 801 883 776
4 859 800 777 880
2 803 775
4 859 800 779 802
4 805 862 828 780
4 806 884 804 781
4 777 807 805 782
1 806
3 809 768 848
3 769 810 808
4 891 809 850 770
4 771 852 813 893
3 813 893 895
4 773 811 853 812
3 854 774 859
3 892 773 855
3 840 842 792
1 841
2 819 797
5 843 818 866 796 821
4 823 869 821 796
6 797 845 847 820 819 799
1 798
2 820 847
1 827
3 835 831 838
2 799 827
4 826 787 824 835
2 829 804
6 860 839 828 789 876 830
5 831 838 877 829 790
3 791 825 830
2 872 874
1 873
1 874
3 827 875 825
2 876 949
1 838
5 839 837 825 830 878
4 877 838 829 945
2 841 816
4 817 840 865 842
4 869 841 816 843
2 842 819
3 867 797 847
3 821 955 795
2 875 870
4 871 823 821 844
3 888 808 769
2 889 850
6 851 890 849 810 888 771
2 853 850
3 811 855 935
4 893 895 851 813
3 814 894 778
4 815 852 932 895
3 937 859 882
1 881
3 934 779 859
6 814 801 858 856 883 803
2 884 829
1 885
2 886 804
1 887
2 913 865
2 841 864
3 915 819 867
3 844 869 866
1 871
4 842 867 957 820
4 871 874 958 846
4 959 847 870 868
4 875 832 946 944
2 945 833
5 875 870 832 834 946
4 874 835 872 846
3 836 948 829
3 878 839 830
4 838 927 877 950
1 951
4 899 801 883 943
2 937 857
3 856 894 883
6 859 937 800 880 882 939
5 940 885 949 805 860
5 948 861 943 884 886
3 885 862 887
3 886 863 941
2 848 850
3 849 931 929
1 850
2 893 810
2 895 815
6 812 891 811 853 933 930
4 934 882 895 854
7 812 894 853 935 892 855 933
4 897 936 899 1018
3 942 896 939
1 899
5 896 1019 939 898 880
1 924
2 1021 902
2 901 940
3 943 936 1023
2 1008 928
1 906
4 933 907 905 928
2 906 909
2 1012 931
3 1015 907 933
1 1014
2 990 935
3 952 1000 1002
4 960 864 1001 953
2 957 915
5 866 953 955 914 1003
1 1004
4 963 1005 954 957
2 1006 967
2 1007 1005
3 992 923 921
2 920 927
2 944 923
2 922 920
5 900 925 950 948 1021
2 924 926
2 927 925
5 999 921 878 926 951
3 1009 906 904
2 889 1008
2 931 893
4 933 908 930 889
3 935 933 855
6 893 895 932 909 906 931
2 858 894
4 895 852 932 911
3 896 903 1019
4 881 883 856 943
1 939
5 897 883 1016 938 899
4 884 948 902 941
3 940 942 887
3 941 897 1023
4 937 880 903 885
4 945 947 872 922
5 839 951 999 944 873
2 872 874
1 944
6 1020 876 940 885 997 924
3 950 836 884
5 951 878 949 924 999
5 998 927 879 945 950
1 912
3 915 1002 913
2 917 955
3 845 915 954
1 959
4 917 1004 914 869
1 870
2 871 956
2 1000 913
1 1001
2 963 1005
3 917 965 962
3 967 606 1006
4 607 963 628 605
4 606 967 604 1006
5 966 964 605 918 628
4 969 994 633 971
3 998 968 975
2 630 971
4 968 970 995 1006
4 996 998 596 973
1 972
1 975
4 974 969 599 999
1 584
2 1019 983
4 586 990 1018 979
2 1019 978
3 981 588 1020
3 980 1021 982
1 981
3 591 977 1023
2 576 1008
1 577
3 578 1008 1010
2 579 1011
2 991 1012
3 583 581 1015
3 978 1014 911
4 1013 583 1015 988
1 920
2 999 599
2 1006 968
1 971
1 972
2 948 998
6 997 969 972 999 951 597
6 950 998 975 993 927 945
3 960 1001 912
4 1002 913 961 1000
4 1003 953 1001 912
4 915 1005 1002 605
4 957 916 1005 1007
5 917 1003 962 1004 919
7 994 966 971 594 918 964 1007
4 1006 1004 919 604
4 904 984 986 929
2 1010 928
2 986 1009
1 987
3 908 1013 988
2 1012 991
3 910 586 990
3 989 991 909
2 1019 939
2 1023 584
2 896 978
5 977 979 899 1016 936
2 980 948
3 924 901 981
1 1023
5 983 942 903 1022 1017
1000 2062
1 742 786
1 388 148
0
0
0
0
0
0
1 329 14
1 490 353
1 234 841
0
0
0
0
0
0
1 609 907
0
0
0
0
0
0
0
0
3 639 48 28 379 760 207
0
0
0
1 620 711
2 308 167 492 461
0
1 419 163
0
1 997 129
0
2 794 73 809 503
0
0
2 413 340 802 637
0
0
0
0
0
1 165 801
0
1 273 252
1 723 290
1 728 638
1 919 33
0
0
1 894 789
0
0
1 60 527
0
0
1 492 189
0
1 113 450
1 751 314
0
0
0
0
0
0
1 537 540
0
0
2 778 852 14 672
1 786 317
0
0
1 554 12
0
0
1 592 690
1 750 871
0
0
0
3 18 547 663 248 880 874
0
0
0
1 179 1013
1 254 40
0
0
0
1 976 219
1 111 129
1 121 500
0
0
0
0
1 431 730
2 175 793 668 645
0
0
2 961 608 882 770
2 184 481 249 647
0
0
0
0
1 272 258
0
0
1 956 215
0
0
1 668 475
0
0
0
0
0
0
0
0
3 137 779 467 890 406 1011
0
0
0
1 745 282
0
1 559 38
0
0
0
1 778 740
0
0
0
0
0
0
0
1 879 1002
0
0
0
1 832 347
0
0
0
0
0
0
0
0
1 617 693
1 245 648
0
0
0
0
0
0
0
0
0
0
0
0
0
0
2 437 970 657 969
0
0
2 734 447 753 43
0
1 919 555
1 187 569
3 40 762 545 354 35 449
1 331 984
0
0
0
0
0
1 128 896
1 65 15
0
0
0
0
1 361 836
0
0
0
0
0
0
0
0
0
1 87 49
0
0
1 580 115
0
2 547 839 808 459
0
0
2 510 617 955 758
1 541 914
0
0
3 604 921 102 777 562 258
0
0
0
2 287 236 877 181
0
2 770 492 900 269
1 679 34
3 531 947 123 558 278 493
1 228 241
2 510 631 878 295
1 1022 965
0
1 550 225
1 169 74
0
0
1 865 460
1 247 195
0
2 919 677 1013 297
0
2 76 29 258 598
0
1 615 674
0
0
0
0
0
0
0
0
0
0
0
0
1 938 982
0
0
1 433 462
0
0
0
1 909 5
1 475 385
1 563 442
0
0
1 885 425
0
1 236 428
1 40 718
0
0
1 434 940
1 616 822
3 216 100 392 416 773 102
0
0
1 553 436
0
1 296 207
0
1 621 143
1 111 548
1 228 259
0
0
0
0
1 443 678
0
0
1 849 123
2 46 545 286 961
0
0
1 578 1001
0
2 356 448 977 101
1 51 34
0
0
0
0
0
4 658 228 700 13 518 371 1016 896
1 409 860
0
1 723 883
1 374 901
0
0
1 642 882
2 715 494 536 107
1 187 850
1 400 999
0
1 912 800
2 224 994 870 826
0
0
0
0
0
0
2 476 353 78 947
2 945 940 789 969
1 422 411
0
0
0
0
0
0
0
2 566 932 862 116
2 150 124 184 1022
0
1 1004 204
0
1 36 673
2 182 698 673 633
0
1 228 663
0
3 620 60 999 929 984 241
0
1 765 443
0
0
0
1 797 574
0
0
0
0
2 911 85 454 229
0
0
0
0
0
1 892 950
0
0
1 546 413
0
2 770 370 178 389
0
0
0
0
0
1 419 556
0
0
0
0
0
1 44 681
1 287 522
1 576 620
0
0
1 775 236
2 980 29 569 710
0
3 388 94 665 1003 145 972
1 249 469
0
0
0
1 203 396
0
0
0
3 148 520 544 832 242 950
2 459 817 445 217
1 153 273
0
0
0
3 256 1003 184 881 428 99
0
0
1 325 707
0
1 89 8
1 670 385
1 670 617
1 419 753
0
0
1 746 150
2 168 425 409 48
0
0
0
2 352 936 853 455
0
0
0
0
1 727 717
0
1 138 691
0
1 338 82
0
0
1 990 709
1 484 120
3 416 920 34 384 76 14
0
0
0
1 837 281
0
0
0
0
1 95 887
1 100 724
0
1 944 138
0
1 913 763
0
1 0 349
1 39 993
1 503 670
1 513 305
0
1 929 741
0
2 516 437 572 77
0
1 187 707
0
1 774 470
1 271 786
0
0
0
0
0
0
0
1 181 603
0
1 299 738
0
1 109 326
0
0
1 457 436
0
0
0
1 87 86
2 148 577 374 583
1 338 31
1 907 488
0
0
0
1 396 297
0
2 50 652 1012 1021
0
0
1 944 324
0
1 995 778
1 918 916
0
0
1 268 962
0
0
0
1 355 966
0
0
0
1 372 706
0
0
0
0
0
1 299 287
0
0
2 334 798 685 836
1 309 729
2 166 297 342 623
0
0
0
2 389 5 383 15
0
0
0
0
0
1 727 592
0
0
1 906 189
0
0
0
1 68 104
0
1 53 428
0
0
0
0
0
0
1 920 657
0
2 380 228 892 370
0
0
1 164 834
0
0
0
0
1 422 601
0
0
1 119 494
0
0
0
0
1 662 206
0
1 948 610
2 215 638 505 681
0
1 679 47
1 617 389
1 191 993
0
0
1 425 126
1 373 829
0
0
2 1011 560 483 54
0
0
1 453 361
0
0
0
0
0
0
0
0
0
1 804 627
0
1 971 85
0
1 193 826
1 97 577
0
0
1 525 178
0
1 658 699
0
0
0
0
1 1009 788
1 342 272
0
0
0
0
3 978 441 995 648 113 769
0
0
1 77 193
3 131 979 634 212 967 956
0
0
0
0
1 296 936
1 875 491
0
0
0
2 1003 219 169 176
0
0
2 447 931 847 564
0
1 103 569
0
1 555 208
2 173 788 177 109
2 482 808 266 130
1 358 570
2 45 109 195 183
1 78 478
0
1 297 273
2 247 251 618 642
1 11 595
0
0
0
1 120 310
0
1 769 386
0
1 927 512
0
0
1 764 969
0
0
0
0
0
0
1 946 253
1 381 818
0
2 755 16 156 964
0
0
0
0
0
1 554 143
1 285 495
1 710 593
0
0
1 428 253
0
0
1 639 491
0
0
2 769 328 609 829
1 19 841
1 991 940
0
0
0
0
1 945 401
0
0
0
2 908 56 594 615
1 882 656
0
0
0
0
0
0
0
0
1 650 804
0
0
0
0
0
1 130 728
1 544 583
0
0
0
1 894 833
1 90 942
0
1 942 376
0
0
0
0
0
0
0
1 273 9
0
0
1 580 179
0
0
1 989 25
1 491 435
2 300 209 980 139
2 981 130 923 162
0
1 53 374
0
0
1 940 418
0
1 536 12
0
0
0
2 602 973 948 260
1 34 153
0
0
2 318 158 693 972
0
1 817 698
1 146 383
0
1 574 631
0
0
0
3 21 326 538 570 117 605
0
2 348 843 909 266
1 947 371
0
0
1 546 348
1 327 387
0
0
1 295 934
2 661 122 276 538
1 906 386
0
1 185 769
1 102 26
0
2 459 642 627 403
0
0
0
0
1 24 564
0
0
2 265 498 35 509
2 679 745 546 913
0
0
0
1 584 939
0
1 755 845
0
0
0
1 471 494
1 915 57
0
0
1 996 238
1 204 987
1 95 758
2 378 98 967 192
0
0
1 410 109
0
1 166 646
0
0
0
0
0
1 375 638
0
2 161 140 777 718
2 632 676 664 209
0
2 420 801 377 170
0
1 1019 768
1 828 172
0
0
0
0
0
1 182 51
1 155 163
0
0
1 66 386
0
0
0
0
1 986 183
1 64 884
0
0
1 204 406
3 179 150 937 562 235 238
0
0
0
0
0
0
0
1 442 628
0
0
0
1 338 295
0
3 779 37 177 895 459 430
1 205 475
1 553 783
0
0
1 665 538
0
2 1004 384 264 358
0
0
1 657 257
0
0
0
0
0
0
0
0
0
0
0
0
1 849 418
0
0
0
0
0
0
0
0
0
1 490 717
1 117 31
0
0
0
0
0
0
0
1 810 862
2 264 769 129 423
0
0
0
0
1 165 909
0
0
1 408 661
1 205 568
0
1 721 617
0
0
1 878 882
0
0
0
0
0
1 291 448
0
2 933 80 419 620
1 851 889
0
1 296 486
0
0
0
2 106 884 216 821
1 802 794
0
0
1 680 936
0
0
0
0
0
1 989 692
0
1 299 61
0
0
0
0
0
0
1 721 1002
0
1 599 954
0
2 813 975 481 118
0
0
1 575 207
1 741 207
0
0
2 895 241 645 530
0
1 504 643
0
0
0
4 681 574 395 297 855 80 943 227
0
1 824 930
0
0
0
0
0
1 614 749
1 342 578
0
0
0
1 772 1006
0
0
0
0
1 965 278
1 203 880
0
1 48 797
1 533 397
0
1 585 421
0
0
0
1 491 22
0
1 523 240
0
0
0
1 908 418
0
0
1 485 139
0
1 6 227
1 25 484
1 797 786
1 162 352
1 32 166
1 415 246
0
0
0
0
0
0
0
0
0
0
0
0
0
0
0
0
0
0
0
0
0
0
0
0
0
0
0
0
0
0
0
0
0
0
0
0
0
0
0
0
0
0
0
0
0
0
0
0
0
0
0
0
0
0
0
0
0
0
0
0
0
0
0
0
1 84 685
0
1 85 1004
1 346 184
1 330 972
0
1 454 524
0
1 536 912
0
1 731 732
0
1 639 25
0
1 487 179
2 489 472 637 630
2 418 674 232 5
0
0
0
1 188 624
2 620 287 385 833
1 911 435
0
0
0
0
0
0
2 163 194 346 76
0
0
1 711 617
1 225 300
1 8 249
0
1 618 810
1 469 485
1 482 252
0
1 290 826
0
1 175 468
0
0
2 840 811 700 987
1 670 840
1 888 739
0
2 442 595 372 246
0
0
0
1 794 413
0
0
0
1 703 300
0
0
1 84 364
1 842 856
0
2 768 988 473 36
1 426 6
0
0
1 403 813
0
0
1 977 127
0
0
1 846 318
1 707 934
0
1 856 234
2 264 837 811 761
1 627 538
1 387 266
0
2 644 392 795 969
0
0
0
0
1 996 542
0
1 712 1009
1 853 6
0
0
1 197 378
0
2 737 953 148 313
0
0
0
1 438 765
0
0
0
1 462 403
0
0
0
0
0
2 625 637 67 358
0
0
1 619 349
0
1 212 816
0
0
1 918 519
0
0
2 410 553 213 39
3 804 373 148 841 85 533
0
0
1 416 430
2 725 17 976 392
0
1 662 842
0
0
1 548 159
1 840 66
0
0
0
0
2 436 320 895 729
1 680 438
0
0
0
0
1 418 322
3 826 898 457 872 1008 256
0
0
0
1 704 439
0
1 582 38
1 491 794
1 103 785
1 46 196
0
1 896 134
1 42 237
0
0
0
0
0
0
0
2 992 863 456 656
0
1 260 21
0
1 301 365
0
0
0
0
1 832 629
1 55 354
0
1 720 640
1 65 942
0
1 44 783
0
1 30 535
0
0
0
0
0
0
1 282 580
2 878 360 545 162
1 691 803
1 931 887
0
0
1 888 402
1 718 529
0
1 1005 896
0
0
1 370 987
0
0
0
0
2 357 246 918 678
1 260 104
1 854 165
0
1 119 420
0
2 360 74 381 210
0
0
0
1 133 514
0
1 758 994
2 509 425 779 509
0
0
2 12 626 834 206
2 554 610 151 50
0
0
1 643 824
0
0
0
1 862 25
0
1 334 306
1 63 953
0
0
1 145 41
0
2 583 603 105 858
0
0
1 970 934
0
3 247 67 412 886 844 552
0
1 138 916
0
0
0
0
1 566 916
0
1 507 170
0
2 678 257 112 757
0
1 266 434
0
0
0
1 898 998
1 266 653
0
0
0
0
1 482 522
0
0
2 863 635 7 533
0
0
0
0
0
0
0
0
1 119 866
0
2 789 601 127 571
1 889 605
0
0
1 348 153
0
1 699 945
0
0
0
1 813 121
1 641 551
0
1 662 279
0
0
1 460 963
0
1 256 844
0
2 492 435 104 1002
2 198 813 951 813
0
0
0
0
0
0
1 519 864
1 880 875
1 718 405
0
1 51 614
1 175 657
0
1 440 882
0
0
0
0
0
0
0
0
1 5 219
0
1 691 312
0
1 413 559
0
0
2 985 815 479 391
0
0
0
1 826 679
0
1 808 932
2 474 473 834 505
1 452 585
0
0
1 912 925
2 773 452 104 514
1 207 1002
0
0
1 986 762
1 426 372
0
1 397 815
1 153 750
1 71 641
0
0
1 81 143
1 6 939
0
0
1 700 720
3 554 365 470 640 978 417
0
0
1 924 628
0
0
0
1 103 818
0
0
0
1 799 861
0
1 305 8
0
0
0
1 762 5
0
2 652 930 610 316
1 991 712
0
0
0
0
1 273 807
0
0
2 899 79 634 505
0
1 53 855
1 68 348
0
1 397 437
0
0
1 37 738
0
1 706 437
1 637 114
1 1011 768
0
1 671 328
0
1 493 401
0
1 644 250
0
0
0
1 416 532
0
1 1023 516
0
0
0
0
0
1 15 426
1 536 462
0
1 149 43
2 739 993 567 763
0
0
0
1 316 10
1 309 592
0
0
0
0
1 214 798
1 823 730
0
0
1 577 917
0
3 284 103 516 487 506 313
0
0
0
0
0
0
2 425 801 15 598
1 956 334
1 345 1013
1 488 379
0
2 181 500 691 823
2 737 369 30 868
0
0
1 924 270
1 772 325
0
0
2 720 774 706 632
0
0
1 658 851
0
2 963 450 333 421
0
0
1 924 92
2 180 443 217 305
0
0
1 255 543
1 262 506
1 487 969
0
1 415 109
0
0
0
2 476 918 864 172
3 510 214 1011 879 662 630
0
1 460 221
0
0
1 823 403
0
2 940 738 583 477
0
1 1018 492
0
1 284 980
2 393 811 290 749
1 250 437
0
0
0
1 503 768
1 150 355
1 719 394
2 554 640 728 27
0
2 777 634 792 543
0
1 670 551
0
0
0
0
1 956 45
1 389 145
2 598 996 881 374
1 842 172
1 901 1018
2 310 980 710 19
1 627 568
2 948 655 127 832
0
0
0
1 394 584
0
0
0
1 476 745
0
0
0
0
0
0
1 794 892
0
0
1 567 910
0
1 208 796
0
1 528 961
0
1 660 661
2 254 26 582 696
0
0
0
0
0
0
2 502 210 382 857
0
1 405 199
2 101 443 797 547
0
1 452 334
0
1 620 178
1 858 521
0
0
0
1 762 61
1 585 419
0
0
1 897 993
0
0
0
0
0
0
1 923 1000
0
1 147 752
0
1 281 694
0
1 1000 990
0
1 650 303
0
1 909 163
1 896 987
1 489 607
1 405 871
1 719 974
0
0
0
0
0
0
0
0
0
0
0
0
2 322 155 339 467
2 735 176 494 598
2 310 876 93 765
0
0
0
2 732 406 443 811
2 673 111 356 334
0
0
1 911 837
0
0
0
0
1 77 609
1 990 359
0
0
0
1 361 556
1 913 529
1 889 183
0
0
1 896 802
0
1 58 995
2 503 883 334 600
1 140 11
1 403 113
0
1 156 902
0
0
0
0
0
0
1 14 906
3 853 968 777 482 592 727
0
0
0
0
0
0
1 280 961
2 706 832 68 827
0
0
0
0
0
0
1 686 307
1 568 588
1 361 237
0
1 113 293
0
0
1 544 592
0
1 619 278
1 598 504
0
0
0
0
0
0
0
0
1 341 441
1 21 195
0
0
1 64 535
0
3 269 357 93 196 851 764
1 1016 898
0
0
0
0
1 908 150
0
0
1 582 443
0
1 743 893
1 439 14
0
0
0
0
0
2 998 294 500 482
0
0
1 990 879
0
1 45 928
0
1 139 205
2 297 273 1007 402
1 634 688
0
0
0
2 887 890 501 647
0
1 777 224
0
1 588 317
0
0
0
1 144 296
0
0
1 1005 555
2 1002 85 898 213
0
1 591 816
0
0
3 583 345 534 401 254 366
1 360 451
0
0
1 765 171
1 333 698
0
1 809 796
0
2 891 294 420 644
0
0
1 345 359
1 748 866
0
0
0
1 506 839
0
0
0
0
0
0
2 543 289 772 706
0
2 191 198 241 409
0
1 927 426
2 971 561 56 435
1 298 162
0
0
2 65 759 1021 407
0
2 934 91 179 917
0
0
0
0
0
3 567 54 70 474 917 99
0
0
0
1 721 8
0
2 240 640 173 4
1 1014 157
0
2 824 105 153 168
0
0
0
0
1 829 354
1 320 242
1 226 671
0
0
1 905 972
0
0
0
0
1 947 269
0
1 259 161
0
0
0
0
1 665 218
0
2 365 574 708 819
0
0
0
1 1008 242
0
1 16 436
0
2 650 695 973 531
0
0
0
0
0
0
1 284 652
0
1 69 693
1 416 153
0
1 94 129
0
0
0
0
1 239 964
0
0
1 59 237
1 1012 853
0
1 371 558
2 787 97 784 117
2 222 63 605 8
0
1 385 837
0
1 738 269
0
1 819 172
2 552 233 1001 409
0
0
2 114 268 761 103
0
0
0
0
1 928 8
1 217 230
0
1 100 507
2 925 306 453 987
1 163 400
0
0
0
0
1 594 873
3 394 518 636 997 165 328
1 489 675
1 623 341
0
0
0
0
1 465 21
1 500 921
0
1 742 754
1 1003 401
1 59 803
0
0
0
0
1 303 909
0
1 607 402
1 381 723
0
0
0
0
1 650 816
1 661 601
1 1019 319
0
1 602 983
1 905 48
0
1 645 440
0
0
0
0
0
0
0
0
0
1 711 741
2 165 633 10 324
2 818 65 674 119
1 189 852
1 672 316
0
1 454 965
0
1 583 736
0
0
0
1 448 758
0
0
0
0
0
0
1 606 799
0
2 476 131 140 426
2 918 295 691 991
1 471 124
2 327 137 476 160
0
1 601 712
1 982 867
0
0
2 483 101 918 601
1 0 645
0
1 596 285
2 668 780 252 604
0
0
1 134 755
0
0
0
0
1 110 330
1 971 419
0
0
0
3 411 303 581 727 369 927
1 610 960
0
0
2 923 17 849 303
1 656 308
1 325 784
0
0
0
1 732 1002
0
1 68 80
1 95 810
0
0
0
0
2 125 176 1004 63
0
0
0
0
1 204 543
0
0
1 709 954
0
0
0
0
0
1 894 860
2 328 11 972 242
2 884 95 526 433
0
0
2 209 340 39 861
0
0
0
0
2 617 1021 323 559
0
0
0
0
0
1 848 107
2 413 833 310 85
0
2 394 161 13 478
0
1 887 727
1 791 774
0
