1029
0.5
31000
239 4
1024
1 1
2 41 0
2 3 81
3 2 5 82
1 44
3 45 3 42
2 87 46
1 47
2 11 9
3 8 33 88
1 34
2 88 8
1 36
3 14 37 60
2 13 15
2 14 89
1 56
4 71 62 57 64
3 58 30 55
1 59
1 60
1 61
3 69 60 23
2 63 22
1 48
1 26
2 27 25
2 26 29
1 31
4 27 50 75 53
3 59 18 31
3 30 76 28
2 35 33
5 9 39 89 32 94
6 46 126 35 90 10 115
2 32 34
3 37 60 12
4 13 38 36 93
4 39 117 89 37
2 33 38
1 41
4 42 81 40 1
4 80 43 41 5
2 45 42
5 45 86 84 47 4
3 44 5 43
5 47 86 34 127 6
5 90 87 44 7 46
2 72 24
1 73
2 29 51
4 76 50 73 53
1 53
5 51 52 29 77 100
1 78
2 79 18
4 107 16 59 57
4 63 56 65 17
2 18 59
6 30 19 56 58 78 67
5 61 13 22 36 20
3 21 92 60
3 17 63 65
5 23 71 64 62 57
3 67 17 63
2 62 57
3 78 67 104
4 66 107 64 59
2 108 117
3 70 180 22
2 71 69
5 70 17 63 177 182
2 48 73
4 72 49 51 97
1 98
3 29 77 100
3 51 100 31
3 101 75 53
4 191 66 54 59
2 103 55
2 81 42
3 41 2 80
2 3 122
2 121 85
3 44 85 124
3 83 125 84
2 46 44
4 125 6 114 47
3 11 9 112
5 33 168 115 38 15
2 34 47
1 115
3 61 109 93
3 92 37 117
3 33 95 118
2 112 94
2 97 184
3 98 96 73
4 186 184 74 97
1 187
6 101 188 75 103 53 76
2 100 77
1 106
2 100 79
2 107 66
2 111 177
4 155 191 107 102
5 179 104 56 106 67
3 173 180 68
2 92 181
1 182
2 176 105
5 88 115 168 170 95
2 169 128
3 87 115 126
5 114 112 91 89 34
3 172 133 181
7 173 68 180 38 134 93 118
3 117 119 94
2 168 118
2 137 121
4 122 83 136 120
3 162 82 121
1 125
1 84
3 123 85 87
5 34 143 114 127 166
5 126 167 46 140 165
2 129 113
3 128 135 249
4 131 211 168 142
4 130 171 249 210
4 181 252 156 133
4 255 132 116 134
4 254 135 133 117
5 175 134 214 255 129
2 121 137
5 120 136 161 216 243
2 219 162
2 244 141
2 164 127
5 247 165 245 167 139
1 130
3 126 247 167
1 184
1 146
4 186 234 145 147
4 187 149 146 235
4 188 236 151 149
4 196 237 147 148
4 151 154 190 238
5 150 191 226 239 148
4 176 155 153 224
4 225 152 177 159
4 226 150 155 198
6 225 179 106 154 152 227
2 132 157
4 181 231 156 158
4 182 157 159 230
3 153 158 181
1 161
4 137 242 160 162
4 161 122 138 163
2 162 165
3 165 167 140
5 127 141 164 244 163
2 247 126
4 143 164 127 141
6 119 130 169 171 89 112
3 113 168 175
2 171 112
4 168 248 170 131
3 180 173 116
4 172 108 174 117
1 173
2 169 135
2 111 152
4 153 183 71 105
1 179
3 107 178 155
5 117 69 172 108 181
6 109 159 180 157 132 116
4 158 231 71 110
2 230 177
3 96 144 98
1 186
3 98 146 185
4 234 99 147 237
3 100 189 148
1 188
1 150
3 78 151 106
4 193 344 234 346
3 233 345 192
2 346 234
2 235 348
3 236 375 149
4 239 346 349 237
5 154 199 238 339 350
2 351 198
2 203 224
4 339 337 207 225
2 379 226
2 339 200
1 340
1 229
1 207
4 206 341 224 201
4 330 211 328 355
2 215 334
3 222 131 250
3 130 208 354
4 213 229 252 334
1 212
4 254 252 135 215
3 209 214 335
4 137 240 320 217
3 243 216 218
3 217 242 219
4 221 138 244 218
2 223 221
3 325 219 220
1 210
4 327 220 245 247
3 207 200 152
4 153 231 201 155
3 151 154 202
1 155
1 229
4 212 228 230 205
3 229 183 158
3 182 225 157
1 233
4 232 193 234 344
6 192 345 194 146 187 233
2 147 195
2 196 148
3 149 197 187
3 198 150 351
2 151 197
1 216
1 242
3 241 218 161
3 245 137 217
4 139 247 165 219
3 141 243 223
1 250
5 141 166 143 244 223
3 249 171 251
4 248 131 328 129
3 210 246 251
2 248 250
5 132 253 340 212 214
1 252
2 214 134
2 133 135
1 259
2 377 302
2 259 295
5 299 379 496 258 256
4 284 357 300 261
3 260 308 262
3 261 302 382
2 301 383
2 368 288
1 369
2 505 267
4 371 269 266 291
2 372 292
2 293 267
1 374
2 298 375
2 273 312
5 272 361 482 274 313
4 273 312 481 275
3 363 322 274
3 277 316 364
2 367 276
2 355 282
3 365 484 319
2 281 354
4 305 280 335 353
4 304 486 283 278
3 282 307 330
5 285 356 308 260 381
4 284 359 357 286
2 305 285
2 359 309
4 506 289 504 264
2 288 464
2 291 467
3 507 267 290
2 469 268
2 269 371
3 298 471 295
4 470 258 372 294
1 297
4 497 296 303 499
4 294 299 496 271
4 499 378 259 298
1 260
2 263 302
7 303 257 383 301 381 262 502
4 382 503 302 297
3 307 305 282
6 304 286 359 489 281 448
2 307 318
4 491 304 306 283
5 309 261 284 357 492
5 310 308 493 500 287
3 309 311 492
2 353 310
3 482 272 274
1 273
3 361 480 315
4 314 317 365 483
3 317 319 276
2 315 316
5 354 450 306 484 319
3 316 279 318
1 216
1 322
4 321 275 360 323
2 322 363
2 364 363
1 221
2 330 355
2 223 354
5 208 329 331 249 359
2 328 353
5 208 352 326 283 331
2 330 328
1 340
1 357
4 212 353 358 209
3 281 215 357
1 337
4 336 343 377 201
2 376 339
6 374 201 379 203 338 198
5 382 252 332 341 204
4 207 340 356 342
2 341 343
3 342 337 383
3 233 368 192
3 193 369 234
5 347 370 194 197 192
2 346 371
2 351 195
1 197
1 198
4 375 348 199 238
3 353 355 330
6 352 329 359 281 334 311
5 318 211 280 355 327
5 326 352 278 208 354
2 284 341
6 333 285 308 358 335 260
3 357 334 359
6 285 353 358 328 305 287
2 322 361
3 360 314 273
1 363
5 275 324 365 323 362
4 324 276 365 367
4 364 279 363 315
1 367
3 366 277 364
2 344 264
2 345 265
1 346
3 267 347 293
4 268 375 373 295
1 372
3 378 270 339
4 271 372 196 351
2 377 338
3 337 257 376
3 374 299 379
4 259 378 339 202
1 381
4 302 284 382 380
5 381 340 262 383 303
4 343 382 302 263
1 424
4 425 667 665 464
2 426 424
3 667 665 389
4 427 389 391 668
4 387 669 671 388
1 391
6 470 390 431 671 692 388
4 656 418 393 663
5 417 657 703 399 392
3 475 395 658
6 394 659 417 430 474 419
3 676 404 660
5 663 652 661 421 423
5 399 420 662 422 701
3 393 398 663
4 403 440 447 401
5 649 448 441 400 446
2 442 647
1 400
6 652 446 677 396 700 444
4 653 445 452 406
1 405
1 655
3 434 640 681
3 433 641 435
2 411 683
2 410 435
3 436 644 413
2 412 439
1 646
1 439
3 472 479 497
3 395 663 393
3 392 670 474
4 395 658 473 475
3 476 398 478
3 662 477 397
3 478 423 398
2 397 422
3 386 384 464
4 664 504 426 385
5 386 464 425 665 466
3 388 467 506
2 511 431
1 469
2 470 395
4 471 391 508 428
1 433
2 432 409
4 435 408 461 643
5 437 434 409 459 411
3 439 437 412
2 435 436
1 442
5 463 413 486 415 436
3 400 448 443
1 401
3 438 450 402
2 490 440
4 452 500 404 445
5 405 446 444 654 652
4 401 445 447 404
2 446 400
6 451 305 440 449 401 488
1 448
5 451 442 462 490 318
2 448 450
4 476 453 405 444
2 454 452
2 453 455
1 454
1 480
1 481
1 482
2 435 484
3 461 484 463
3 460 485 434
2 450 463
4 439 462 460 487
5 426 424 289 504 385
1 505
2 506 426
3 427 290 507
1 469
4 468 509 429 292
5 471 295 430 510 391
3 431 470 294
2 416 496
2 419 497
3 498 418 395
3 394 499 419
4 420 477 500 452
3 476 478 421
5 420 479 422 477 502
3 416 478 496
3 314 481 456
4 457 480 482 274
5 273 483 458 481 312
2 482 315
4 460 459 279 318
1 461
3 439 282 490
1 463
1 448
1 305
3 450 443 486
1 307
2 310 308
2 494 309
2 493 495
1 494
5 298 259 479 499 472
3 297 416 473
3 510 499 474
5 496 475 297 299 498
3 444 309 476
1 502
3 302 478 501
1 303
3 288 425 464
3 506 465 266
5 505 427 288 507 466
4 291 467 509 506
2 431 509
3 508 507 469
3 470 498 511
2 428 510
3 513 559 515
4 512 519 555 633
4 632 634 606 631
2 752 512
2 540 597
3 639 637 557
3 633 757 558
4 559 513 632 639
2 544 761
2 545 600
1 523
3 627 525 522
1 525
6 629 549 604 551 523 524
3 550 527 767
3 549 766 526
2 737 568
3 530 576 617
5 573 616 531 618 529
3 530 619 533
2 622 533
4 621 573 531 532
3 622 611 574
3 562 575 740
1 560
2 561 609
2 747 562
3 563 611 609
5 564 541 749 612 516
5 615 542 613 636 540
2 541 612
3 585 615 567
3 760 721 520
2 521 761
2 760 762
1 763
1 551
3 765 527 525
2 526 766
3 548 525 767
2 555 553
2 559 552
2 555 731
5 552 753 634 513 554
2 708 756
2 757 517
2 518 758
5 757 553 519 759 512
3 536 563 744
6 745 747 711 567 537 750
4 563 535 574 538
5 560 745 704 562 539
3 748 540 565
2 564 614
1 750
3 705 543 561
2 736 528
2 737 712
2 571 619
3 570 737 573
2 742 740
5 619 571 533 530 741
7 719 534 575 562 747 740 610
2 574 535
3 577 529 984
4 578 576 985 617
2 577 986
2 987 619
1 620
2 621 989
1 622
3 623 989 991
4 608 615 1017 976
2 609 543
4 610 978 587 1014
1 586
4 589 614 980 596
2 590 588
1 589
2 983 615
3 593 595 632
2 592 599
3 1006 595 606
3 592 594 633
3 588 972 636
3 637 516 998
1 599
5 639 993 598 593 975
2 521 624
1 625
1 626
1 605
6 1007 607 966 525 628 605
5 967 603 1003 604 965
5 966 964 607 514 594
4 606 604 631 965
2 609 584
4 608 539 585 537
3 622 586 574
2 539 534
2 540 542
1 541
3 588 565 615
5 543 614 541 584 591
2 617 530
3 577 616 529
1 530
4 570 579 531 573
2 623 580
2 581 533
5 534 623 610 532 582
3 583 622 620
2 625 600
3 624 601 626
3 627 625 602
2 626 523
3 965 604 967
1 525
2 634 970
2 514 607
4 592 514 519 635
4 595 968 518 513
4 555 514 635 630
2 634 632
3 541 637 596
3 597 517 636
1 639
4 519 517 638 599
2 408 641
3 409 640 681
2 643 680
5 684 434 645 642 722
2 645 412
3 685 644 643
5 686 650 647 727 414
2 402 646
2 649 651
4 648 401 655 673
2 646 651
4 675 650 648 673
4 397 445 678 404
4 405 677 700 654
6 733 655 678 735 445 653
5 407 654 679 649 729
1 392
1 393
2 394 419
2 395 697
3 709 700 396
1 397
3 702 398 421
5 399 417 397 703 392
3 665 425 688
6 664 712 385 426 387 689
3 667 693 690
3 387 666 385
2 388 694
2 389 693
2 671 418
4 695 391 670 389
2 673 730
4 649 729 651 672
1 675
2 674 651
2 396 677
4 676 404 653 733
3 654 652 734
1 655
2 681 642
4 641 408 680 682
4 763 683 681 720
3 723 682 410
2 687 643
1 645
5 646 731 754 687 726
4 686 684 766 727
2 714 664
1 665
1 666
1 693
5 741 716 693 391 743
5 666 669 717 692 691
6 668 698 707 746 695 718
3 694 719 671
2 747 697
5 705 659 710 703 696
3 694 706 699
2 705 698
5 404 701 660 653 756
4 709 398 700 711
1 662
4 697 711 663 393
4 563 744 707 705
6 699 745 704 567 750 697
2 744 698
3 704 694 745
3 748 556 732
5 701 749 660 710 751
3 697 750 709
5 561 751 749 703 701
3 665 713 569
4 739 712 714 737
4 715 738 713 688
2 714 717
2 742 692
4 738 715 693 741
1 694
3 743 695 574
3 762 682 721
3 544 720 722
3 643 721 723
4 725 683 722 763
3 764 727 725
3 724 765 723
2 686 766
4 724 646 687 767
3 729 752 731
4 673 655 758 728
4 754 752 731 672
6 730 755 554 728 686 766
3 733 756 708
4 654 677 757 732
3 678 758 735
3 752 654 734
2 737 568
5 528 569 736 713 571
2 717 714
2 741 713
4 574 572 741 535
5 739 740 717 692 573
3 746 716 572
2 692 719
4 560 747 706 704
4 563 705 707 561
3 742 694 747
6 538 696 744 746 574 561
2 708 564
3 711 540 709
4 710 561 566 705
2 711 709
4 730 728 515 735
2 555 759
2 730 686
1 731
3 732 700 556
4 557 559 733 518
4 734 729 759 558
3 758 753 559
3 546 761 544
4 762 545 760 520
4 761 546 720 763
4 682 762 547 723
1 724
2 725 549
5 731 550 527 687 726
3 727 526 551
1 808
2 809 848
1 810
2 850 811
2 773 775
3 772 815 813
1 814
2 802 772
1 800
2 801 806
2 854 779
3 858 778 803
1 804
1 805
2 783 806
1 782
1 787
1 791
2 798 787
3 784 827 786
1 789
2 788 829
1 830
2 785 831
1 816
1 794
2 795 793
3 794 797 845
2 820 819
4 821 795 818 844
3 799 786 822
3 826 821 798
4 803 776 883 801
4 777 800 880 859
2 775 803
4 859 800 779 802
4 828 780 805 862
4 806 781 884 804
4 782 777 807 805
1 806
3 848 809 768
3 810 769 808
4 891 809 770 850
4 893 813 771 852
3 895 893 813
4 812 773 853 811
3 854 774 859
3 773 855 892
3 792 842 840
1 841
2 797 819
5 818 796 843 866 821
4 823 821 869 796
6 847 797 845 819 799 820
1 798
2 820 847
1 827
3 835 838 831
2 799 827
4 826 824 787 835
2 829 804
6 839 876 828 789 860 830
5 877 790 829 838 831
3 830 791 825
2 872 874
1 873
1 874
3 875 827 825
2 949 876
1 838
5 825 878 830 839 837
4 945 838 877 829
2 816 841
4 817 842 840 865
4 816 841 869 843
2 842 819
3 847 867 797
3 795 821 955
2 875 870
4 821 871 844 823
3 888 769 808
2 850 889
6 849 810 851 890 771 888
2 850 853
3 811 855 935
4 813 851 893 895
3 814 778 894
4 932 815 852 895
3 859 882 937
1 881
3 779 934 859
6 814 883 856 858 801 803
2 829 884
1 885
2 804 886
1 887
2 865 913
2 841 864
3 915 867 819
3 866 844 869
1 871
4 820 957 842 867
4 871 958 874 846
4 868 847 870 959
4 944 946 832 875
2 945 833
5 946 834 875 870 832
4 846 874 872 835
3 829 836 948
3 878 830 839
4 950 877 927 838
1 951
4 899 801 883 943
2 937 857
3 856 883 894
6 880 800 937 939 882 859
5 860 805 949 885 940
5 861 948 886 884 943
3 887 862 885
3 863 941 886
2 848 850
3 929 849 931
1 850
2 810 893
2 815 895
6 933 811 853 812 891 930
4 882 934 854 895
7 853 894 855 812 933 935 892
4 899 1018 936 897
3 942 939 896
1 899
5 898 896 1019 939 880
1 924
2 1021 902
2 940 901
3 943 1023 936
2 1008 928
1 906
4 905 933 928 907
2 909 906
2 931 1012
3 907 1015 933
1 1014
2 990 935
3 1000 952 1002
4 864 1001 960 953
2 957 915
5 1003 866 953 914 955
1 1004
4 963 957 954 1005
2 1006 967
2 1007 1005
3 923 921 992
2 920 927
2 944 923
2 922 920
5 948 1021 950 925 900
2 926 924
2 925 927
5 878 999 951 926 921
3 906 1009 904
2 1008 889
2 931 893
4 930 889 933 908
3 933 935 855
6 893 895 906 932 931 909
2 894 858
4 895 852 911 932
3 903 1019 896
4 881 856 883 943
1 939
5 897 938 883 1016 899
4 884 941 948 902
3 940 942 887
3 1023 897 941
4 937 880 885 903
4 922 945 872 947
5 873 999 951 839 944
2 874 872
1 944
6 1020 885 997 924 876 940
3 950 884 836
5 951 949 924 999 878
5 950 879 927 998 945
1 912
3 915 913 1002
2 917 955
3 845 915 954
1 959
4 869 917 1004 914
1 870
2 871 956
2 1000 913
1 1001
2 963 1005
3 962 917 965
3 606 967 1006
4 605 628 963 607
4 967 606 604 1006
5 964 966 918 605 628
4 969 994 633 971
3 968 975 998
2 971 630
4 970 995 968 1006
4 998 996 596 973
1 972
1 975
4 999 599 974 969
1 584
2 983 1019
4 979 1018 990 586
2 1019 978
3 1020 981 588
3 980 982 1021
1 981
3 977 591 1023
2 1008 576
1 577
3 578 1008 1010
2 579 1011
2 991 1012
3 1015 583 581
3 911 978 1014
4 988 583 1015 1013
1 920
2 599 999
2 968 1006
1 971
1 972
2 948 998
6 997 597 969 999 951 972
6 975 993 998 927 945 950
3 960 912 1001
4 961 913 1000 1002
4 953 1001 1003 912
4 1005 1002 915 605
4 916 1007 1005 957
5 1003 919 962 1004 917
7 994 594 966 964 918 1007 971
4 919 604 1006 1004
4 984 986 904 929
2 928 1010
2 1009 986
1 987
3 1013 988 908
2 991 1012
3 910 990 586
3 991 909 989
2 1019 939
2 584 1023
2 978 896
5 977 936 899 1016 979
2 948 980
3 924 901 981
1 1023
5 983 942 903 1022 1017
1000 2062
5 834 132 351 316 817 958 860 394 742 786
6 387 168 639 326 685 757 395 771 388 148 716 760
2 10 757 174 443
5 765 1004 928 513 891 324 1008 144 179 957
5 813 681 385 123 248 796 87 439 986 585
10 790 872 351 219 723 356 317 421 341 386 500 622 769 720 966 95 699 60 907 826
3 78 644 786 349 335 160
5 790 999 490 866 955 1023 738 634 599 848
9 507 61 538 310 827 291 618 581 136 715 329 14 888 550 243 479 866 437
5 646 570 174 261 490 353 897 539 945 21
5 871 927 611 78 649 192 746 1018 234 841
1 163 76
2 103 586 322 131
4 981 594 463 268 244 970 702 490
4 782 326 977 592 812 840 100 182
7 402 852 249 89 372 867 880 207 819 350 764 685 182 878
4 373 477 480 545 941 132 165 320
5 604 609 271 856 492 562 616 948 609 907
3 714 329 957 163 136 13
6 931 50 32 981 550 621 973 1 698 371 646 749
7 150 173 702 599 806 700 261 611 453 549 647 690 100 344
2 45 791 432 806
3 106 27 314 788 920 812
5 994 869 41 116 851 717 250 394 369 978
3 73 977 23 425 160 712
7 149 11 720 904 675 974 625 673 736 841 223 89 376 153
5 28 379 975 448 760 207 639 48 682 4
3 493 498 605 43 187 634
5 622 39 130 149 469 221 425 116 539 212
7 963 304 449 589 866 974 887 671 623 317 284 624 328 468
2 936 400 620 711
8 754 174 626 781 308 167 84 368 492 461 500 663 556 94 377 589
2 650 305 21 1016
5 265 786 699 342 5 493 419 163 199 962
3 127 351 167 396 55 50
6 997 129 606 961 455 108 757 142 586 85 573 206
9 496 436 680 943 385 596 707 129 959 709 825 828 89 938 463 86 222 640
8 809 503 456 272 520 299 363 414 32 639 794 73 47 51 628 632
5 711 227 1013 220 515 523 1016 946 154 673
6 339 182 390 518 228 1002 290 980 339 61 197 702
7 802 637 219 722 773 500 413 340 142 718 774 596 360 729
3 832 681 8 726 304 12
5 822 654 477 817 128 105 255 831 73 942
2 510 780 642 317
5 714 625 10 156 333 195 215 81 819 1013
7 640 954 413 357 607 535 421 510 56 443 198 19 890 950
6 165 801 289 790 602 280 876 485 823 299 910 1022
7 77 179 144 177 127 67 322 200 104 99 530 686 368 286
6 991 535 224 780 273 252 880 411 591 421 139 647
4 723 290 121 738 884 213 870 464
5 728 638 203 402 761 147 544 565 444 137
6 171 528 126 724 919 33 962 320 829 565 602 468
7 7 194 42 730 328 627 345 983 395 586 918 464 462 233
5 996 581 793 312 3 37 1017 200 705 871
6 864 363 996 414 736 584 303 666 142 280 894 789
5 525 989 14 604 896 638 690 185 885 1016
4 223 81 575 35 301 775 522 885
3 60 527 391 60 80 659
0
6 176 395 19 230 242 419 19 110 525 758 1009 597
3 998 105 492 189 721 333
2 620 315 497 985
7 561 117 519 899 505 121 355 926 113 450 446 415 647 876
3 751 314 689 282 17 118
7 870 243 765 913 970 731 354 536 101 121 185 250 493 556
4 440 787 850 372 859 282 564 916
4 739 1 202 496 395 432 819 766
3 896 647 215 769 511 827
5 821 467 976 273 495 78 12 298 795 642
7 599 483 256 231 332 219 767 17 551 700 998 875 185 233
5 143 349 537 540 396 393 21 949 945 848
9 182 556 947 652 200 855 903 160 765 139 558 801 901 443 112 1001 911 318
4 986 481 632 949 642 993 620 339
7 1020 142 778 852 14 672 842 893 893 485 43 669 734 1006
5 786 317 918 220 922 525 917 655 434 941
2 431 963 789 921
5 647 784 993 95 279 117 541 398 550 464
4 264 498 571 964 324 946 554 12
5 605 573 133 373 802 274 790 733 560 858
2 923 189 94 409
4 878 502 96 209 592 690 144 759
3 750 871 90 563 878 864
3 526 978 434 857 12 761
2 342 56 72 431
6 511 865 368 897 312 774 99 1011 376 1011 923 320
6 726 944 663 248 18 547 1018 14 116 1 880 874
7 836 788 401 69 454 586 1019 131 449 489 402 167 160 165
6 353 995 610 624 436 466 387 375 1005 809 724 864
1 379 387
7 579 933 680 892 940 175 179 1013 927 591 384 313 144 362
9 219 430 41 429 396 658 681 70 965 550 422 873 205 809 254 40 801 148
1 652 878
9 520 833 870 941 496 293 717 778 933 557 740 373 765 159 421 920 913 460
5 543 255 466 351 986 138 90 933 947 669
8 833 798 976 219 616 7 373 68 342 315 664 497 92 597 19 706
3 111 129 389 263 688 912
2 121 500 579 426
1 383 934
7 362 535 206 704 792 961 1015 41 393 821 954 483 870 260
2 320 1003 629 605
6 564 1022 461 429 540 514 808 256 913 947 617 791
7 431 730 138 625 66 779 566 350 504 224 239 355 570 929
9 975 400 175 793 701 174 389 470 479 535 668 645 129 722 933 885 797 987
0
5 557 515 566 926 368 464 638 684 835 783
10 403 717 731 838 961 608 882 770 218 752 362 766 1 206 674 398 579 779 296 382
4 184 481 249 647 308 541 290 1017
3 650 539 993 602 441 1019
3 947 416 472 700 604 545
3 738 925 856 985 674 635
6 198 860 37 858 480 916 667 865 624 579 969 43
8 880 690 597 923 428 409 180 34 48 450 794 626 272 258 143 731
6 378 951 627 401 902 1015 798 107 399 854 158 854
5 303 76 634 618 684 351 945 911 669 999
7 956 215 100 95 413 939 1017 95 989 614 450 838 960 368
3 548 62 567 718 308 408
6 741 357 380 771 903 840 757 896 962 335 94 943
7 668 475 536 123 617 379 483 972 1003 283 81 786 86 727
7 428 23 373 98 114 703 204 121 919 742 59 501 75 268
1 135 340
3 660 747 285 952 375 272
4 139 883 490 652 670 14 506 517
7 251 257 290 802 77 712 708 604 951 296 198 870 100 774
7 260 465 86 721 667 161 600 529 732 541 944 137 110 774
3 464 267 456 117 378 1001
3 628 55 296 396 763 666
9 179 649 406 1011 57 622 137 779 984 88 511 616 752 351 506 956 467 890
5 954 761 326 33 560 597 748 511 976 84
4 573 949 763 193 11 740 897 1006
7 328 754 42 1009 974 274 527 277 849 496 985 408 196 650
3 643 84 923 732 745 282
3 549 472 767 266 542 142
3 937 610 559 38 573 333
4 105 37 252 537 856 15 721 575
2 466 235 369 855
6 117 418 983 552 742 367 89 330 198 957 902 235
5 145 230 677 511 7 924 778 740 679 207
2 251 228 477 976
5 730 611 976 376 504 701 485 306 722 979
9 800 480 418 660 649 282 489 20 361 1013 1004 552 296 536 992 774 483 831
7 96 148 947 994 923 807 130 562 372 489 898 417 592 417
3 796 905 366 637 238 423
6 382 920 18 337 170 530 995 221 602 566 297 574
4 20 955 481 999 489 946 522 644
6 850 586 810 249 83 61 879 1002 654 727 221 474
5 695 678 883 229 585 210 583 238 463 346
3 605 504 159 580 269 833
1 922 753
6 209 381 240 72 403 460 958 395 844 364 832 347
2 304 866 182 602
5 652 241 945 94 806 223 95 192 911 747
3 555 655 302 1012 709 1008
3 221 207 138 8 966 304
4 999 213 857 651 539 913 320 130
3 359 750 194 125 369 144
5 752 965 136 245 539 23 956 762 283 453
10 911 176 633 117 509 589 866 245 99 109 23 974 817 277 13 17 73 174 473 624
6 617 693 365 415 310 803 195 772 294 761 988 258
4 212 416 83 477 245 648 268 78
5 567 466 923 962 304 801 834 160 926 753
8 467 844 184 190 315 288 433 949 688 905 928 463 373 728 1019 776
3 591 786 168 141 813 184
0
5 38 322 627 932 103 707 147 229 993 80
2 712 1013 341 32
4 690 102 909 412 631 954 814 908
4 949 566 225 711 365 577 626 227
4 328 783 632 713 121 210 321 676
6 990 834 586 918 282 529 327 346 428 42 532 15
2 788 703 684 361
4 1005 683 315 221 365 1005 186 872
6 872 7 375 112 259 93 177 416 365 116 842 227
4 279 794 631 209 325 387 853 733
5 948 271 437 970 503 857 80 233 657 969
3 850 385 977 438 74 804
5 77 321 59 379 306 863 704 946 194 538
7 917 308 734 447 753 43 664 297 85 721 480 467 985 744
3 393 941 446 271 268 104
6 807 607 683 775 899 860 919 555 73 731 812 803
4 29 352 899 139 1018 876 187 569
7 133 882 35 449 40 762 796 21 564 257 545 354 284 678
8 206 1012 331 984 474 573 662 837 717 229 955 461 343 404 148 852
2 631 320 979 34
6 535 847 361 256 264 32 182 78 1009 704 649 581
2 885 277 866 90
0
7 896 367 557 679 60 0 769 48 436 714 973 248 278 450
8 1002 272 395 716 463 58 128 896 915 1004 419 102 1003 654 618 6
5 840 284 65 15 476 977 170 78 538 636
3 956 995 747 348 904 94
6 952 25 402 723 333 581 435 200 927 992 70 328
1 931 96
7 713 887 135 116 328 498 879 872 471 743 728 446 674 175
5 19 454 624 823 120 877 361 836 439 829
6 426 771 580 779 735 423 1000 643 577 628 906 698
4 577 852 820 832 531 213 353 215
1 743 224
2 995 876 340 605
1 48 80
5 464 965 732 280 708 855 574 827 882 618
3 685 231 95 620 973 965
6 749 504 826 59 743 500 478 441 619 179 314 440
2 194 282 890 573
2 957 851 87 49
7 225 836 806 492 856 7 789 821 173 637 405 228 685 280
4 122 173 801 767 650 842 638 775
4 160 976 580 115 262 420 342 916
5 920 862 856 225 238 585 120 606 421 439
10 151 777 962 219 464 114 535 903 473 711 74 506 547 839 588 536 668 581 808 459
9 898 510 903 743 626 385 717 204 81 238 589 168 253 650 753 966 387 541
2 394 323 348 234
7 1000 38 510 617 65 318 805 320 801 945 512 897 955 758
7 301 496 512 238 477 434 771 359 72 746 809 892 541 914
4 79 359 946 599 508 331 77 856
4 628 647 503 138 366 474 874 858
10 102 777 416 821 511 996 930 338 345 466 562 258 163 274 277 329 604 921 25 74
3 382 279 1020 662 402 356
4 51 133 287 98 519 335 122 445
8 1005 712 350 977 29 1020 307 821 598 543 580 930 617 395 1022 730
5 877 181 371 619 857 305 287 236 52 411
3 359 979 303 688 416 388
6 227 853 857 607 452 214 770 492 900 269 766 742
6 159 1002 873 563 679 34 375 534 69 364 146 35
8 278 493 662 186 654 54 331 450 123 558 574 352 904 71 531 947
7 822 111 228 241 669 547 367 832 713 239 304 348 5 315
5 816 161 190 737 510 631 99 899 878 295
4 1022 965 574 745 1014 283 822 252
3 537 1015 690 199 922 644
6 729 293 931 715 550 225 994 666 183 920 500 816
8 687 700 208 173 607 948 763 941 745 405 363 624 169 74 433 799
3 550 189 3 110 538 269
3 691 433 819 584 357 523
4 216 735 865 460 925 157 1002 719
2 578 704 247 195
5 452 985 620 808 391 841 166 789 134 267
7 1013 297 675 551 77 837 919 677 597 776 261 839 98 374
5 1004 627 646 690 255 909 985 489 945 989
5 484 220 258 598 847 403 933 786 76 29
8 287 729 181 500 688 150 886 775 683 497 241 481 397 540 225 401
2 615 674 969 912
6 564 397 666 41 821 783 307 329 538 607 228 6
3 450 578 777 852 931 682
3 905 579 783 431 123 702
2 98 215 961 296
6 52 703 854 54 921 445 692 632 385 65 496 197
1 701 508
6 1020 808 2 201 810 922 648 795 340 769 769 484
4 564 273 294 837 98 609 421 100
7 130 999 261 708 306 391 1007 1001 74 817 441 740 274 607
3 710 81 573 822 933 713
5 644 786 662 186 663 547 367 611 269 738
6 760 517 392 551 313 763 228 218 656 286 656 277
8 713 6 938 982 920 150 870 129 313 244 659 665 497 378 238 774
6 149 913 1000 629 617 795 908 491 464 726 777 857
2 800 989 749 103
3 928 37 433 462 299 20
4 467 520 627 960 884 89 677 788
2 410 829 96 778
5 36 102 283 697 234 904 15 1016 996 608
9 395 188 958 1011 44 192 364 569 235 276 671 105 909 5 291 373 535 561
8 104 496 691 516 226 347 233 885 611 81 801 693 475 385 991 367
6 563 442 84 403 575 192 22 525 162 721 843 763
3 141 636 139 627 665 573
6 538 772 97 375 617 755 420 159 857 1 104 32
2 885 425 580 878
4 836 809 739 100 561 642 841 757
9 899 598 652 492 236 428 824 788 206 151 641 997 317 190 772 165 708 131
7 273 261 137 680 765 833 430 255 78 422 500 141 40 718
8 602 223 733 85 118 424 439 286 678 442 779 660 298 961 343 423
5 188 968 531 810 566 780 34 649 170 996
3 44 275 434 940 750 987
15 900 858 334 451 641 185 797 173 162 680 362 484 784 869 117 676 616 822 276 542 838 319 513 988 540 185 203 890 161 307
7 165 253 600 115 588 259 701 549 773 102 392 416 216 100
6 154 148 847 244 740 125 745 515 894 789 608 163
10 418 736 810 19 30 167 587 937 889 190 771 930 649 349 817 572 745 383 402 383
3 992 1004 553 436 96 484
4 701 963 427 58 648 957 923 113
6 430 517 660 985 356 681 706 19 296 207 105 56
4 939 50 188 289 23 41 964 471
7 466 527 244 996 61 615 36 229 409 256 621 143 560 147
9 944 349 695 114 756 351 111 548 951 360 745 55 719 102 763 893 735 497
10 701 1020 602 820 3 713 525 396 458 166 228 259 341 257 999 349 1011 700 437 972
4 232 766 98 253 353 546 58 960
5 764 1019 764 10 608 905 424 142 574 253
5 962 123 27 760 396 166 305 657 1007 1014
8 769 719 186 406 339 317 940 947 798 241 477 212 768 863 657 273
5 310 101 585 440 443 678 402 522 98 853
5 753 151 712 124 733 1004 140 397 377 762
7 13 360 634 253 751 1002 889 751 94 461 595 748 549 22
6 849 123 625 888 126 558 190 409 574 815 572 827
6 246 438 489 178 46 545 1 389 100 770 286 961
2 247 160 626 584
4 449 308 164 508 437 185 1023 20
8 594 670 997 96 490 947 472 597 1020 960 537 851 265 373 578 1001
6 370 86 256 395 518 38 60 473 855 223 719 629
4 356 448 238 396 977 101 647 231
3 51 34 920 235 825 195
10 161 167 678 434 220 611 23 880 590 385 50 914 488 799 9 370 258 146 700 849
5 776 67 493 710 928 495 208 753 620 884
4 204 430 945 36 138 647 251 77
3 953 793 979 244 339 709
6 168 676 831 438 16 491 135 355 828 592 45 383
11 98 901 625 503 202 261 373 769 731 443 29 284 700 13 1016 896 670 610 658 228 518 371
3 603 693 409 860 819 351
8 637 318 614 367 741 481 844 923 112 364 477 407 580 536 235 415
5 532 714 386 602 658 181 668 765 723 883
6 902 382 428 215 374 901 450 783 74 464 273 97
2 761 321 765 41
4 301 146 896 906 633 616 164 953
5 720 933 186 959 327 698 642 882 957 315
5 794 64 715 494 364 665 536 107 791 594
4 309 3 187 850 307 782 780 491
6 478 567 715 112 603 49 663 823 988 855 400 999
3 373 974 620 759 161 307
7 301 606 873 235 947 256 334 273 625 81 506 100 912 800
7 870 826 224 994 949 510 845 757 813 348 840 982 925 375
2 673 53 97 776
4 611 113 1018 927 657 270 325 515
2 339 144 571 824
8 206 139 386 104 850 1008 164 573 578 183 364 515 613 656 932 991
4 275 262 109 800 926 981 968 137
3 964 319 152 418 110 431
5 19 176 476 353 585 840 243 96 78 947
3 789 969 614 428 945 940
6 422 411 314 84 338 239 204 290 155 670 880 535
3 186 966 804 276 66 717
5 791 701 480 322 38 698 372 224 336 880
4 671 581 91 943 843 803 324 544
3 211 578 413 674 300 720
3 560 926 145 933 142 336
5 845 793 783 478 257 290 232 666 558 844
9 462 1007 7 810 823 521 180 216 409 887 332 138 45 535 203 690 369 748
5 621 620 862 116 431 349 566 932 163 663
5 571 721 917 858 150 124 184 1022 167 513
4 751 143 150 256 26 348 288 247
5 1004 204 761 334 208 839 955 948 303 307
6 86 266 592 659 831 562 660 504 271 969 887 66
7 239 325 464 216 197 579 668 287 55 958 36 673 470 572
7 673 633 752 779 243 446 566 727 182 698 832 216 440 550
3 100 450 791 41 728 134
2 838 558 228 663
1 710 602
6 797 119 693 624 984 241 620 60 999 929 232 124
3 533 568 392 43 519 142
9 765 443 767 800 960 266 584 445 39 559 445 768 940 246 369 830 195 716
2 955 32 678 256
5 893 639 136 124 554 812 302 797 174 646
4 764 128 899 335 228 911 775 345
3 614 349 797 574 833 44
8 57 586 494 837 885 533 350 507 414 797 866 630 590 236 914 971
4 625 828 446 198 595 623 51 553
4 677 104 109 750 260 515 974 413
2 353 387 314 350
8 449 796 989 934 454 229 160 921 911 85 880 199 238 29 856 897
4 198 647 506 405 66 609 106 990
4 253 523 451 634 836 83 544 75
6 579 481 266 778 48 757 978 87 130 594 793 152
5 914 968 378 681 242 259 114 789 341 991
6 668 359 765 968 25 292 974 320 491 965 648 250
3 892 950 534 169 452 293
7 761 500 941 962 632 299 409 941 93 580 330 1015 214 343
6 196 697 558 846 879 346 255 836 716 77 24 717
3 546 413 910 543 142 1013
3 558 442 189 999 868 724
4 544 122 178 389 770 370 668 27
8 912 676 561 624 265 400 716 919 213 924 954 207 142 621 14 311
3 972 669 253 844 479 100
5 297 279 8 289 23 533 987 403 352 310
3 1020 92 143 134 906 162
8 654 922 623 651 933 628 341 46 729 430 33 577 518 484 731 624
10 853 375 626 615 208 381 936 530 679 146 388 672 30 652 419 556 993 997 679 463
2 927 305 417 57
7 396 7 90 434 848 604 329 567 309 812 999 339 292 955
3 809 410 352 313 681 610
2 910 520 94 475
6 414 233 946 573 247 604 793 892 950 251 283 806
4 210 620 812 843 44 681 475 143
8 254 583 328 300 445 971 702 160 900 825 272 26 616 626 287 522
4 576 620 226 133 135 745 577 584
2 713 999 860 569
3 803 259 32 168 314 886
3 205 796 971 239 775 236
8 951 610 666 767 712 842 985 652 568 14 569 710 270 960 980 29
9 37 261 688 725 892 118 305 531 602 917 272 203 607 36 644 481 170 155
9 603 907 692 721 934 373 711 292 665 1003 944 227 145 972 104 527 388 94
2 19 261 249 469
4 195 370 33 962 29 967 683 641
2 656 332 136 320
6 365 786 775 81 381 602 363 120 730 431 606 96
7 1002 319 74 997 203 396 926 229 746 216 42 829 548 471
5 986 627 627 445 627 70 27 833 825 274
5 76 436 777 24 816 941 370 755 52 1016
3 761 567 581 414 779 126
12 1011 14 242 950 292 222 544 770 768 235 135 119 544 832 1015 644 575 428 76 639 853 472 148 520
8 422 647 952 789 459 817 412 612 445 217 282 160 588 457 581 739
7 153 273 762 570 833 855 510 224 482 929 860 845 192 641
1 960 337
2 769 146 852 676
2 595 564 455 643
6 184 881 776 43 256 1003 145 987 428 99 397 180
4 918 76 131 246 333 33 305 561
11 798 506 152 141 91 862 277 419 263 304 177 526 401 641 325 343 786 646 41 623 640 65
8 161 698 522 461 834 977 924 91 53 149 325 707 245 379 709 644
3 754 728 291 14 238 204
4 798 888 89 8 566 494 440 181
6 756 630 889 981 165 637 100 527 655 555 670 385
9 670 617 971 744 720 805 941 604 25 608 1023 876 721 317 373 992 905 21
5 688 867 398 426 875 446 432 713 419 753
7 445 624 468 294 244 30 566 674 960 667 801 730 436 791
7 461 992 241 331 932 355 569 427 191 744 920 3 431 581
8 870 557 2 990 605 209 466 41 746 150 912 283 904 566 298 40
5 168 425 180 757 409 48 279 519 448 548
4 607 453 514 320 445 920 264 690
3 868 758 78 173 516 971
9 336 724 533 773 754 108 596 234 396 347 533 984 622 768 487 820 368 285
10 59 527 357 599 566 773 352 936 853 455 895 774 727 839 43 612 649 560 62 839
5 90 880 999 473 177 1012 173 813 651 629
5 745 296 45 161 543 990 142 884 84 432
4 403 852 468 1021 134 713 613 325
7 244 657 1013 900 437 908 227 283 898 535 788 460 1020 636
2 727 717 336 508
5 832 1021 817 535 236 786 762 669 271 474
2 9 542 138 691
2 578 312 31 146
5 214 628 338 82 856 932 432 897 134 580
2 561 643 853 496
4 888 616 567 534 955 253 407 765
5 501 730 990 709 719 167 306 562 399 136
7 810 93 345 182 546 548 195 754 116 480 484 120 583 677
11 254 641 34 384 416 920 413 955 794 543 345 176 1010 660 76 14 639 594 698 0 577 685
6 544 230 593 774 246 164 167 456 102 603 607 473
8 752 19 812 76 401 416 698 78 707 834 400 884 284 603 1012 847
6 735 82 387 438 132 606 361 579 675 361 766 619
5 97 646 563 928 527 910 353 214 837 281
1 321 755
4 72 887 221 23 178 64 129 2
3 927 631 889 725 393 760
1 113 178
3 95 887 261 747 964 281
4 100 724 735 630 741 567 310 721
4 685 602 1018 35 89 597 997 1014
4 619 293 157 89 250 320 944 138
10 152 677 1006 909 349 840 790 622 661 214 92 108 269 440 148 625 312 261 410 413
2 913 763 922 101
3 256 83 888 551 307 945
5 0 349 95 689 431 299 712 645 509 113
2 39 993 261 472
4 242 41 413 19 584 355 503 670
5 627 249 463 1019 513 305 82 383 391 406
2 803 968 736 252
6 213 908 364 203 549 430 973 792 929 741 180 221
6 175 663 563 933 652 8 182 283 1014 344 448 292
9 108 990 572 77 516 437 1023 116 824 177 773 631 171 527 537 540 780 533
6 24 520 577 39 197 657 310 222 494 537 567 29
4 474 157 750 110 858 601 187 707
4 878 130 173 124 271 212 92 350
5 866 990 606 96 960 76 661 998 774 470
3 56 921 271 786 227 62
4 760 800 724 306 52 383 604 674
4 236 55 18 294 105 973 68 384
5 560 1022 645 341 74 720 503 850 351 51
1 558 966
7 37 933 775 132 295 187 512 692 963 566 266 229 374 229
6 168 152 382 426 668 269 725 681 682 369 485 579
1 338 522
5 613 609 1001 999 181 603 647 346 71 524
4 789 912 575 327 1001 668 882 330
3 161 740 232 515 299 738
5 1013 877 979 734 409 808 80 414 613 939
8 808 331 598 679 35 846 490 1018 109 326 154 401 945 811 236 940
8 677 560 386 55 932 752 649 335 49 180 130 706 171 842 387 52
5 413 221 483 144 826 504 966 812 144 873
6 262 542 457 436 103 773 79 848 923 985 624 1003
2 825 742 367 643
4 850 591 263 624 226 321 700 463
3 57 104 332 286 430 931
5 87 86 317 391 590 794 826 646 747 168
10 511 981 851 507 890 316 348 465 634 668 374 583 148 577 101 871 603 669 240 589
5 705 1009 136 599 338 31 513 932 739 480
5 79 936 52 27 599 286 907 488 751 627
7 849 616 58 346 65 659 1012 425 362 997 448 171 180 34
5 140 533 177 461 887 781 11 213 373 751
8 864 602 507 933 651 307 954 52 862 564 110 668 204 344 777 24
6 396 297 72 65 130 410 327 379 283 88 421 1
3 817 33 48 244 6 157
6 65 317 605 600 653 274 142 855 50 652 1012 1021
2 154 324 897 408
4 442 87 559 540 1013 896 191 900
3 944 324 986 334 456 718
4 270 36 1020 381 308 913 799 219
2 204 584 995 778
5 380 744 703 972 918 916 76 4 511 237
4 597 813 533 686 985 861 372 1011
3 223 577 642 331 256 464
10 963 424 836 46 268 962 260 946 717 412 611 954 1022 13 857 606 451 838 975 904
5 66 751 933 641 150 43 793 449 150 543
6 531 79 616 467 632 851 173 759 102 798 87 220
7 331 771 516 520 518 855 223 938 637 995 482 39 178 989
5 882 791 456 158 388 912 355 966 221 229
3 913 429 984 494 193 347
2 935 587 544 492
2 808 120 843 1004
8 561 321 372 706 243 438 149 858 654 294 792 430 939 989 637 123
1 899 286
3 173 258 833 382 174 34
4 549 687 861 546 15 801 483 504
9 974 596 875 788 696 320 459 9 344 663 735 55 350 1022 915 780 693 38
3 476 757 664 236 273 502
7 874 384 415 82 4 14 807 830 299 287 95 569 624 909
3 523 828 853 658 886 41
4 180 549 321 2 522 767 432 25
7 972 697 846 723 685 836 937 80 242 907 105 118 334 798
6 737 0 197 371 309 729 737 353 622 1008 71 171
9 882 967 509 968 166 297 677 911 7 269 142 352 342 623 892 320 198 38
6 713 991 621 520 878 686 165 536 6 676 856 600
0
6 238 684 932 943 208 501 767 487 601 210 861 564
6 383 15 389 5 529 821 222 358 586 54 60 576
5 668 666 5 869 973 726 362 842 1001 847
2 378 474 100 758
4 840 473 685 918 299 77 312 888
3 621 643 299 466 787 710
10 840 882 822 229 397 836 408 871 289 600 126 512 67 391 391 353 857 533 45 131
4 178 1020 956 856 962 675 727 592
5 974 51 788 500 800 707 37 887 493 784
4 507 58 827 319 434 780 960 931
6 906 189 523 577 226 561 300 889 784 989 902 522
2 448 986 568 282
5 874 174 605 222 854 303 485 99 725 167
3 1015 579 829 718 42 261
3 514 976 68 104 497 983
5 414 832 273 198 635 587 987 509 378 183
7 726 657 599 99 432 105 301 363 983 137 601 492 53 428
2 814 759 485 1002
4 428 385 479 274 344 752 5 457
9 37 919 677 268 541 103 119 356 583 511 361 755 338 915 441 504 552 801
5 687 188 391 957 626 979 331 871 711 642
5 652 168 493 981 337 776 710 976 202 512
3 808 21 1 922 928 151
3 920 657 151 774 444 102
5 612 997 266 326 151 952 181 194 433 497
9 429 452 499 54 758 846 870 369 892 370 380 228 101 492 326 864 522 660
3 76 812 0 523 660 532
8 289 557 275 86 900 781 22 651 518 320 643 628 155 475 991 1022
6 657 342 368 903 409 202 941 320 164 834 597 327
6 154 943 864 886 881 199 826 31 640 124 421 144
5 169 987 944 497 739 940 910 260 200 228
6 655 115 640 936 356 721 830 204 455 601 10 809
4 480 97 696 751 57 418 482 113
8 805 963 984 22 36 670 28 84 901 666 135 430 422 601 91 398
13 739 39 461 649 250 582 373 480 527 445 919 464 770 723 350 777 210 686 593 108 633 559 632 762 632 884
4 230 852 739 704 983 298 680 218
8 69 82 199 529 37 203 346 224 119 494 858 632 258 247 426 153
8 834 483 962 681 0 756 298 260 843 748 390 812 788 796 374 18
3 75 105 680 722 72 974
5 969 89 850 99 522 494 258 30 741 209
6 912 857 248 169 422 724 511 71 903 938 318 375
2 350 623 662 206
3 732 511 978 566 635 207
12 948 610 410 517 250 864 729 232 380 219 40 323 587 699 989 547 349 126 175 19 412 550 632 28
7 2 184 193 19 843 808 728 514 788 965 505 681 215 638
7 234 725 1003 780 799 458 257 160 428 115 998 776 481 338
7 421 24 679 47 5 113 755 875 224 48 340 75 2 658
5 617 389 430 15 907 329 230 316 778 449
5 191 993 527 624 553 669 202 376 133 374
6 308 204 369 116 88 177 193 622 995 561 850 198
4 396 622 963 837 546 598 994 263
7 960 241 619 74 753 45 635 823 53 248 425 126 767 36
7 604 643 228 174 229 971 557 418 542 261 373 829 289 137
2 926 298 550 663
4 154 798 459 1018 175 773 93 245
7 934 774 265 648 1011 560 411 1007 483 54 795 129 21 150
5 717 462 87 722 370 742 687 99 2 573
3 583 778 928 196 56 38
6 400 625 787 459 453 361 528 770 629 671 175 916
7 775 142 78 334 764 706 191 537 175 664 810 252 41 353
5 247 891 203 103 309 18 606 384 707 444
4 293 852 222 625 751 845 954 860
9 51 35 815 261 552 300 226 108 803 952 712 921 747 879 998 770 233 839
5 673 705 544 204 748 1002 388 278 291 410
5 321 758 773 283 555 915 328 704 826 86
2 727 37 636 679
2 23 515 588 989
4 785 447 997 695 562 182 753 452
4 792 769 0 222 804 627 772 207
5 925 801 180 162 575 674 273 309 283 285
6 591 405 305 927 743 151 109 222 971 85 250 846
2 627 277 231 141
5 976 537 193 826 207 525 792 819 222 768
8 890 88 83 583 776 20 97 577 396 930 1016 562 20 68 90 983
1 376 225
1 550 416
4 525 178 573 789 973 482 209 300
4 794 281 850 954 311 135 712 520
6 283 672 62 342 629 371 818 116 765 793 658 699
4 809 436 201 1006 348 206 579 127
5 119 223 922 820 645 502 948 348 947 881
7 403 724 29 932 547 957 927 665 20 711 882 249 540 767
3 334 758 113 355 667 148
6 133 19 47 583 1012 995 1009 788 551 54 549 567
3 197 41 342 272 967 240
8 705 891 783 541 677 835 406 620 239 942 654 693 267 478 153 560
2 694 811 269 297
6 555 470 381 171 604 820 695 793 781 824 2 415
3 621 943 311 571 680 971
9 113 769 978 441 995 648 385 431 307 390 121 817 172 973 267 70 827 592
3 676 957 485 638 154 834
5 50 626 656 853 667 161 677 114 941 151
4 77 193 458 397 940 410 132 680
5 131 979 382 853 967 956 287 240 634 212
6 968 990 624 216 477 16 799 809 904 858 661 164
5 399 272 765 627 987 65 997 809 663 1019
3 1011 115 792 599 894 113
6 536 57 282 160 64 518 103 58 311 663 307 14
1 296 936
2 875 491 862 922
7 506 473 530 212 66 615 417 899 683 56 400 503 895 269
4 218 542 768 158 76 904 758 71
7 436 849 443 651 963 979 447 581 630 936 916 452 423 30
8 978 89 40 799 30 268 169 176 1003 219 677 209 12 820 456 638
3 311 395 124 444 91 250
2 419 455 220 591
12 7 1019 526 994 370 278 804 182 298 884 447 931 640 299 453 626 416 961 261 847 847 564 480 946
4 227 641 276 963 990 291 878 434
4 584 915 103 569 986 798 927 598
7 434 201 274 318 974 135 308 265 406 137 34 176 810 1007
5 927 347 555 208 828 1010 945 463 223 26
6 52 778 173 788 68 304 974 525 780 650 177 109
6 502 827 867 516 713 298 482 808 266 130 650 708
5 471 223 19 867 999 198 62 205 358 570
7 45 109 199 987 648 259 195 183 684 347 890 309 160 230
8 831 522 722 671 925 322 78 478 482 435 577 6 809 801 769 484
6 876 362 532 256 753 384 28 146 590 113 559 79
9 98 895 188 378 533 757 272 690 723 837 297 273 755 567 716 919 369 704
9 294 387 920 456 618 642 569 408 247 251 74 70 290 565 858 1019 783 232
5 948 657 457 976 11 595 796 826 926 791
2 911 67 940 282
4 428 154 240 32 858 812 268 754
9 796 618 147 940 317 175 975 713 581 522 428 700 105 957 1013 251 904 886
7 145 56 288 510 161 742 307 739 558 916 405 207 120 310
8 623 102 761 255 292 746 958 457 695 872 960 620 324 626 699 188
4 789 783 769 386 432 787 802 897
5 244 547 532 794 58 394 911 264 1014 327
2 978 362 927 512
5 131 29 714 52 999 971 840 573 58 8
3 295 1019 171 1015 757 123
9 421 454 864 38 683 639 490 526 484 376 734 442 890 867 764 969 146 196
5 181 976 331 775 760 649 268 121 311 243
6 529 740 733 683 303 571 510 566 166 106 76 83
2 274 605 157 114
5 610 221 33 423 163 572 519 621 714 41
6 925 139 1018 448 272 565 527 797 312 377 424 947
7 752 988 698 40 257 338 120 594 986 239 878 947 21 254
4 946 253 86 780 300 520 718 642
9 373 207 708 257 265 921 381 818 855 206 76 109 674 976 88 695 384 556
1 909 597
7 103 643 755 16 380 630 691 436 762 947 250 374 156 964
2 143 644 646 692
7 283 969 1002 982 81 543 223 475 394 302 674 938 424 1023
8 621 622 235 962 35 669 17 874 15 683 841 495 73 957 829 726
5 401 724 716 127 949 56 648 928 848 14
2 66 51 288 927
7 991 668 554 143 530 689 116 471 542 704 928 201 432 205
5 285 495 905 151 680 148 455 837 854 605
3 710 593 716 597 24 488
8 947 249 260 881 578 123 855 217 1018 198 754 301 951 875 410 103
3 549 265 443 177 696 795
5 428 253 305 750 49 550 469 902 974 0
4 243 993 571 651 459 752 734 614
4 943 500 287 436 615 16 786 726
2 639 491 724 460
4 442 342 842 265 567 97 268 770
6 304 131 852 465 587 555 864 5 729 920 116 851
6 74 974 151 486 181 599 420 513 609 829 769 328
7 19 841 286 390 630 261 388 99 385 997 524 546 757 661
6 762 780 991 940 668 240 118 901 668 327 365 767
3 216 629 46 491 685 769
2 133 478 144 653
5 827 558 888 9 440 602 137 510 60 577
5 31 813 876 88 1023 667 812 559 640 627
7 7 502 193 331 84 175 945 401 378 848 472 109 101 1017
9 998 104 1001 370 345 491 494 378 49 600 970 584 532 1006 426 736 349 121
7 807 545 373 632 807 507 863 582 715 600 597 386 471 217
3 233 5 171 25 131 301
6 594 615 563 921 442 410 918 516 908 56 667 908
7 514 810 407 371 1010 672 813 173 882 656 939 620 195 691
7 622 476 932 924 54 738 901 313 525 888 71 270 245 470
4 341 420 625 862 704 613 756 559
7 700 928 530 6 900 83 161 517 223 950 974 185 987 898
3 847 1004 696 570 547 765
3 50 236 453 498 947 638
8 649 642 975 805 775 1003 327 137 541 583 627 107 295 533 582 615
4 845 412 35 56 718 293 375 168
9 50 516 206 462 594 237 255 1017 435 909 519 104 640 262 251 457 156 917
6 1022 749 1017 170 652 737 650 804 69 125 82 562
3 378 45 957 397 967 975
4 537 69 545 398 79 970 520 122
8 621 213 194 21 13 870 824 142 235 916 998 1022 95 887 296 12
6 779 114 623 738 57 335 200 662 251 204 319 550
4 871 715 92 437 742 750 426 141
4 600 698 713 55 130 728 809 39
7 544 583 600 115 532 218 286 725 630 899 894 36 639 70
6 4 618 280 640 353 39 684 290 217 975 164 290
1 370 413
4 60 596 284 292 480 370 900 393
6 742 129 42 803 738 242 894 833 18 769 886 70
9 917 634 542 828 139 793 90 942 360 18 772 420 653 222 702 395 709 928
10 131 56 642 762 697 155 81 707 683 876 776 744 274 996 910 1001 365 984 47 82
3 235 864 141 60 942 376
7 34 416 111 619 432 102 895 792 724 905 726 32 160 650
4 961 893 946 936 382 634 682 370
3 846 597 805 720 390 604
8 445 27 661 862 246 933 792 530 865 894 63 370 941 64 392 629
4 915 662 607 139 849 527 684 578
4 820 486 545 393 497 158 912 992
2 187 7 55 641
3 273 9 550 64 113 529
4 357 426 524 829 981 943 1014 140
4 939 594 692 316 33 581 58 413
11 302 559 683 447 405 227 272 566 248 712 504 1014 563 750 710 461 507 245 691 838 580 179
10 654 664 639 641 267 879 339 300 200 432 458 272 916 140 483 239 842 579 704 382
2 317 739 222 929
9 514 221 942 209 745 209 821 89 989 25 659 543 290 80 963 134 1007 575
6 491 435 46 912 124 867 569 237 837 465 173 915
7 761 845 339 295 470 701 980 139 769 609 300 209 821 206
5 981 130 564 205 605 209 829 140 923 162
2 45 168 997 814
5 153 179 956 399 310 366 53 374 355 949
2 693 589 247 142
6 418 854 602 577 42 714 524 409 920 653 1008 234
6 107 11 964 171 943 747 861 804 191 700 940 418
5 939 687 534 806 406 117 567 135 750 352
7 737 284 278 866 536 12 935 922 110 949 177 826 233 39
1 574 171
7 95 473 143 1011 1005 806 430 508 287 433 30 807 518 885
6 599 370 707 469 140 92 103 39 951 436 792 741
4 322 1015 602 973 948 260 964 451
6 1013 76 371 581 34 153 23 893 29 994 563 57
6 113 733 109 942 965 704 547 92 33 843 141 860
3 311 466 873 841 678 710
5 235 88 719 1020 78 725 318 158 693 972
6 76 918 597 327 393 33 863 12 80 542 587 114
6 843 180 248 768 741 914 359 1019 1002 201 817 698
6 903 746 744 666 544 364 908 977 146 383 246 1016
3 76 762 836 929 12 895
9 53 393 46 114 145 934 508 689 971 326 574 631 927 609 207 1018 254 902
5 665 630 638 273 385 980 769 1011 985 565
3 774 330 25 176 275 937
5 20 669 79 773 393 930 558 535 920 402
8 117 605 681 60 98 670 835 983 538 570 267 100 21 326 164 246
3 302 813 230 458 971 690
4 452 795 909 266 348 843 791 101
4 718 549 867 1007 947 371 849 28
3 422 513 493 182 360 768
4 370 953 189 1000 118 955 483 407
3 293 784 744 362 546 348
5 567 907 915 714 891 38 888 884 327 387
5 614 629 1000 422 606 329 680 517 622 774
8 46 988 47 871 920 433 666 871 621 800 200 585 871 343 689 866
7 234 244 400 295 295 934 613 199 168 181 810 81 1007 312
7 276 538 798 322 524 513 661 122 526 462 125 346 837 161
9 150 188 453 376 906 386 610 682 676 144 610 910 994 772 745 393 463 327
4 1020 42 218 538 248 254 159 901
4 185 769 388 691 1022 989 54 115
4 102 26 442 869 41 795 464 151
6 257 462 515 12 618 936 788 906 440 931 292 243
3 162 965 627 403 459 642
3 652 380 100 770 330 663
3 341 195 854 468 849 410
2 124 859 1008 145
4 299 916 511 912 274 863 19 958
7 1008 481 143 496 946 966 748 810 24 564 517 707 1 468
5 603 170 750 14 604 718 254 822 418 172
3 596 575 232 473 138 287
4 471 530 35 509 265 498 233 949
5 679 745 546 913 559 962 194 227 201 708
3 290 970 164 616 144 449
3 705 270 280 1015 63 922
7 798 171 465 639 507 731 307 69 1005 5 825 19 923 184
7 584 939 212 677 64 743 992 490 144 221 809 502 720 832
5 446 85 673 642 509 381 437 185 774 950
4 926 136 393 180 71 263 755 845
3 642 732 776 839 926 685
7 607 730 954 113 140 921 431 484 238 255 719 834 289 443
2 79 153 331 424
10 408 539 855 941 155 147 76 728 471 494 611 528 813 89 724 817 196 929 657 653
6 915 57 313 209 844 530 87 166 95 390 471 317
7 742 724 63 248 134 37 140 64 10 83 523 556 749 580
2 458 531 818 836
3 219 929 996 238 38 87
8 543 434 425 887 204 987 873 154 938 546 975 335 527 237 874 499
7 652 495 895 572 95 758 144 223 201 1022 127 672 737 215
9 235 494 65 440 967 192 474 299 949 4 694 976 378 98 368 672 753 349
3 833 274 531 106 10 765
2 668 33 898 1011
4 778 836 410 109 396 339 87 219
6 880 95 250 23 653 240 358 658 368 61 406 284
6 289 700 746 701 517 950 166 646 911 309 66 892
7 432 617 19 72 58 349 265 405 321 169 33 466 395 128
5 317 549 357 79 829 183 620 884 991 843
3 743 724 1001 250 386 933
3 336 991 280 255 877 414
3 874 837 238 666 446 312
8 189 799 315 429 833 228 788 435 421 742 375 638 337 725 979 455
5 792 183 793 457 839 384 132 377 620 398
7 256 274 69 619 636 477 475 351 161 140 207 369 777 718
10 533 429 437 249 1 235 559 30 61 931 632 676 45 929 924 220 664 209 780 143
3 441 190 242 194 412 684
9 441 977 25 960 58 611 377 170 363 336 442 945 420 801 528 515 673 799
5 847 977 633 173 975 860 451 210 410 948
7 99 288 675 936 165 4 1019 768 415 340 468 576 890 588
5 190 452 828 172 104 347 861 399 936 893
4 328 7 60 722 446 215 993 303
3 562 784 398 316 83 163
7 929 1013 682 842 664 609 749 919 284 915 161 449 786 544
2 386 585 819 85
1 608 311
7 862 809 209 530 694 670 782 87 371 295 18 562 182 51
4 177 788 527 450 462 239 155 163
1 341 376
3 177 276 70 625 480 898
13 192 862 274 927 491 10 383 925 654 477 560 564 359 12 15 914 882 405 66 386 626 699 774 1001 60 95
3 246 858 343 169 437 1021
1 914 104
4 703 729 260 194 332 933 438 596
6 13 35 16 394 554 342 563 205 537 655 864 887
3 2 274 768 615 986 183
3 64 884 912 113 510 434
3 1007 725 709 388 988 596
3 906 779 440 94 214 811
3 204 406 85 763 21 186
9 937 562 675 356 458 603 882 919 356 996 873 707 235 238 179 150 763 878
4 189 250 469 179 593 473 847 232
2 921 809 819 835
3 847 300 478 504 775 422
2 975 752 222 980
7 896 6 940 459 164 637 497 344 386 681 575 156 167 533
3 87 145 441 626 632 468
3 457 776 710 981 123 600
3 442 628 702 622 653 294
4 716 10 636 316 385 757 214 615
6 175 668 102 964 545 56 914 242 629 775 332 129
5 753 207 886 670 298 544 443 155 348 285
10 39 97 538 996 338 295 291 605 435 229 275 101 438 169 979 577 395 51 663 689
5 605 163 436 182 97 683 150 563 295 42
6 596 235 779 37 1010 978 177 895 459 430 1018 601
8 981 343 634 990 833 653 467 940 205 475 128 803 196 506 607 954
5 933 983 87 278 82 429 553 783 985 824
4 568 363 420 437 339 669 582 959
6 179 984 302 831 439 632 209 3 260 458 16 421
4 441 216 539 429 665 538 1006 500
3 756 115 654 491 430 768
3 264 358 1004 384 517 752
2 261 320 829 86
8 156 318 583 872 209 877 439 749 349 219 535 491 119 135 469 214
2 168 276 657 257
3 716 260 909 199 594 796
6 750 547 507 910 380 634 538 816 521 416 835 923
0
4 972 627 17 872 982 335 771 925
6 578 232 849 445 241 257 286 269 847 346 28 378
1 176 927
8 1019 506 224 400 112 970 769 308 286 95 967 782 989 257 81 854
3 221 872 318 905 960 97
2 387 55 109 894
4 546 210 815 406 488 973 867 1017
6 806 858 915 968 194 148 291 57 7 929 164 17
4 754 942 592 337 885 356 81 568
5 706 8 621 448 927 1006 849 418 567 276
5 49 780 666 374 183 80 695 300 718 977
4 178 603 345 881 905 238 24 399
9 783 175 950 791 999 652 961 407 529 444 810 816 9 813 849 713 917 129
5 711 898 659 318 98 306 945 732 65 363
3 258 229 19 927 480 673
3 982 26 769 979 300 1016
4 204 815 269 62 514 431 89 525
4 737 572 966 599 816 1005 113 779
4 1017 346 65 654 594 54 116 888
3 853 17 490 717 811 610
6 845 323 117 31 416 661 278 31 920 338 444 162
5 929 242 444 935 345 480 639 780 592 741
2 279 767 835 382
2 969 442 164 703
5 715 53 587 361 33 965 253 563 264 690
4 70 917 7 16 213 480 943 514
6 861 871 519 142 135 383 934 20 959 266 571 113
3 366 121 406 106 770 250
3 810 862 843 682 111 261
8 325 492 22 505 487 6 171 385 248 592 264 769 778 303 129 423
4 438 544 84 760 663 940 453 853
3 852 556 663 111 726 258
5 127 436 1008 949 693 361 580 743 60 536
0
4 165 909 821 1007 922 432 241 251
1 933 985
3 695 775 543 930 869 460
10 567 92 379 479 526 290 114 800 408 661 283 161 775 476 523 944 872 1022 129 309
5 266 588 473 802 205 568 751 281 102 437
3 760 603 639 670 300 834
4 954 75 751 881 721 617 285 876
3 439 823 616 507 738 601
2 577 874 870 637
4 561 126 555 619 878 882 663 693
2 834 1008 100 243
5 229 307 352 66 872 513 204 633 193 328
3 893 962 638 818 662 676
2 503 841 891 267
1 856 603
4 291 448 429 270 957 665 81 140
8 14 810 137 356 552 60 393 874 867 835 1009 960 704 392 144 236
8 419 620 224 902 775 707 625 250 157 520 657 855 933 80 153 111
5 881 771 3 898 446 378 851 889 559 187
2 527 305 861 439
7 1016 670 968 69 705 848 296 486 644 484 109 520 873 586
3 235 497 422 178 54 866
7 483 781 87 316 746 596 133 385 316 611 410 278 942 926
7 9 735 460 515 408 837 266 644 557 638 726 821 837 5
8 106 884 589 856 458 404 627 503 216 821 774 962 680 998 529 796
5 802 794 34 778 642 3 499 446 858 437
4 567 380 145 894 599 7 589 640
6 380 624 147 179 474 401 923 632 948 711 303 820
7 440 66 146 772 814 621 779 1009 986 388 113 171 680 936
4 362 878 224 122 427 967 235 169
5 472 573 817 321 837 298 885 312 363 15
6 789 163 934 884 663 181 702 982 45 307 730 493
5 143 833 631 595 952 618 696 341 818 248
6 3 653 314 460 575 645 397 892 110 70 584 600
6 75 940 274 953 370 175 989 692 273 394 34 622
7 343 763 20 78 759 922 484 608 861 501 93 0 780 908
7 742 1003 659 363 299 61 532 1013 875 57 1003 381 644 639
6 835 210 507 977 17 22 724 563 928 714 429 437
5 682 820 539 864 224 723 778 893 586 276
4 923 169 961 92 431 621 547 858
3 808 534 367 946 29 609
5 589 199 824 214 967 793 0 560 85 741
4 495 98 744 838 604 982 613 653
10 237 583 676 884 545 2 836 515 84 348 642 295 721 1002 55 444 643 236 317 818
3 300 42 1011 866 406 591
5 599 954 299 361 961 513 157 769 931 295
3 88 689 147 320 413 722
4 798 570 481 118 813 975 912 240
4 209 439 1002 203 108 148 181 198
5 1020 84 132 151 986 841 708 1006 550 339
6 168 487 575 207 393 887 857 720 361 724 870 41
3 116 998 741 207 865 503
5 253 307 240 0 768 795 429 760 181 0
4 54 627 436 553 426 196 325 331
5 284 833 740 1013 645 530 895 241 462 371
4 321 283 589 292 303 182 454 255
4 313 318 504 643 1010 295 976 836
2 943 816 981 323
2 321 861 249 566
5 545 574 122 463 298 201 576 968 437 203
9 395 297 681 574 845 828 422 540 516 548 957 1000 855 80 812 739 943 227
3 21 426 233 989 134 707
7 824 930 371 792 63 927 969 46 393 458 532 816 290 614
4 699 730 188 911 134 508 107 51
1 260 187
4 262 374 969 343 851 142 100 92
7 18 590 497 29 420 872 517 754 254 71 366 780 14 240
2 536 533 492 565
5 601 765 539 475 614 749 439 806 248 252
6 695 98 674 109 617 85 342 578 774 338 998 726
6 762 85 955 127 828 778 309 94 780 471 704 84
8 671 825 590 65 338 866 414 1000 548 744 599 128 502 358 740 185
4 548 598 488 730 804 172 893 666
6 159 233 529 295 939 478 759 989 772 1006 135 376
3 714 486 64 229 408 339
2 386 289 115 278
3 38 973 962 938 313 798
3 98 400 667 841 769 150
6 354 469 956 375 965 278 416 893 299 823 334 237
1 203 880
2 878 730 310 459
7 329 312 486 1013 321 397 48 797 511 173 366 231 793 238
6 380 158 533 397 631 420 92 822 437 363 516 932
8 355 136 824 76 880 562 90 361 106 571 798 140 369 518 479 210
4 11 184 571 43 539 773 585 421
0
0
4 286 529 666 783 255 1021 484 22
3 491 22 600 906 881 148
9 501 306 358 930 381 295 865 491 827 174 239 991 731 717 196 986 744 556
10 239 134 523 61 618 193 523 240 34 649 199 642 413 191 970 20 748 997 4 152
6 175 519 556 452 379 424 1016 209 735 362 43 503
4 305 601 1022 1012 728 897 283 978
4 1004 11 449 423 497 463 415 256
8 543 694 325 248 652 219 610 942 908 418 813 728 743 298 622 866
6 561 925 306 837 329 289 929 789 169 492 514 431
8 659 405 19 526 185 296 959 732 242 83 369 953 86 607 760 593
5 79 969 8 931 760 441 485 139 16 751
3 855 34 270 525 893 456
5 160 99 496 560 776 598 6 227 325 415
4 25 484 50 10 523 340 938 224
6 69 494 70 173 101 779 839 419 265 296 797 786
6 634 260 475 956 162 352 433 989 68 451 190 944
6 614 796 614 283 588 785 423 266 32 166 29 733
6 89 1008 415 246 962 379 591 768 107 520 141 880
1 771 215
8 804 201 64 942 643 19 908 104 737 665 871 753 221 303 339 608
0
0
0
0
0
0
0
0
0
0
0
0
0
0
0
0
0
0
0
0
0
0
0
0
0
0
0
0
0
0
0
0
0
0
0
0
0
0
0
0
0
0
0
0
0
0
0
0
0
0
0
0
0
0
0
0
0
0
0
0
0
0
4 532 916 751 943 84 685 710 361
4 54 577 634 759 78 137 393 50
9 85 1004 853 439 678 104 193 886 16 866 352 174 956 199 149 611 1000 190
4 521 999 346 184 750 333 457 106
4 330 972 598 967 161 20 163 303
6 99 28 896 995 567 575 281 217 913 311 457 538
11 529 168 314 1005 985 300 384 88 454 524 564 820 679 865 87 769 82 690 821 438 338 546
8 245 749 690 3 792 830 865 653 528 767 773 228 3 454 753 744
7 107 187 857 230 536 912 230 482 480 688 642 163 908 43
2 624 888 372 612
6 731 732 122 977 857 994 60 715 434 26 876 484
3 845 133 249 742 316 799
8 430 240 485 236 146 477 63 1015 981 876 481 775 1021 347 639 25
8 140 867 978 542 630 518 452 926 671 807 239 128 992 204 351 684
7 483 487 655 88 423 841 41 433 998 638 487 179 156 377
7 637 630 283 417 143 229 721 596 85 737 489 472 144 855
10 425 194 190 639 247 843 980 914 458 566 489 295 232 5 835 987 294 540 418 674
2 815 521 843 913
4 82 216 83 635 51 1019 47 769
6 385 995 512 304 506 131 888 595 461 799 494 260
5 188 624 959 445 604 304 625 944 505 555
9 305 605 385 833 726 803 620 287 710 763 155 182 7 286 493 651 385 936
8 712 999 605 232 911 435 808 927 335 616 751 671 55 54 980 531
8 868 121 181 249 652 720 599 84 439 572 699 931 364 14 899 77
5 326 19 193 216 1017 391 337 481 879 336
8 290 4 165 589 1000 547 998 618 559 619 202 179 723 439 889 1018
4 195 815 714 668 647 5 992 73
6 695 138 894 786 462 841 803 347 685 380 487 404
1 586 683
5 56 316 346 76 528 393 598 632 163 194
5 902 187 954 241 532 442 669 647 680 614
5 180 320 860 648 638 110 788 25 381 681
3 711 617 657 28 901 532
5 414 56 225 300 108 755 367 51 313 884
5 877 286 943 509 8 249 742 927 26 31
2 884 819 469 952
8 281 1003 18 265 74 90 765 473 857 507 409 12 618 810 279 426
5 469 485 302 589 592 972 602 272 819 937
8 485 294 206 704 370 319 603 789 482 252 1016 386 53 79 296 565
3 402 782 520 183 414 272
5 290 826 582 596 587 452 347 333 145 327
5 25 32 306 401 654 84 489 814 394 879
6 332 900 24 332 565 396 672 635 175 468 768 983
7 566 678 126 487 314 20 810 250 902 733 659 510 688 607
5 426 250 416 56 129 177 850 286 929 998
4 343 364 738 800 700 987 840 811
3 67 880 322 691 670 840
8 664 25 670 67 326 247 496 221 167 362 888 739 917 853 936 388
4 108 642 539 193 85 554 843 346
7 934 55 372 246 17 172 938 492 618 623 279 744 442 595
2 742 467 78 651
4 741 472 742 451 400 990 894 595
5 958 80 876 751 684 832 190 630 243 75
4 659 536 794 413 21 627 812 672
3 603 80 581 875 859 481
5 1004 830 434 284 749 125 418 529 859 483
7 61 622 458 102 820 78 196 78 607 860 670 385 690 868
5 406 829 718 862 910 737 396 310 703 300
10 502 668 24 413 865 506 520 120 615 598 871 74 906 812 437 805 1019 649 818 473
2 968 838 673 34
8 892 51 854 734 41 463 578 233 379 794 804 960 84 364 599 457
6 688 779 672 947 284 563 317 49 217 512 842 856
6 423 46 864 567 239 964 779 515 822 469 951 242
8 344 993 833 474 314 63 473 36 195 744 418 421 768 988 395 993
5 489 742 532 272 172 572 426 6 132 89
3 705 474 885 883 738 885
3 336 205 718 587 589 449
4 403 813 709 355 338 587 563 1017
2 240 281 162 310
7 610 972 634 673 97 790 873 22 530 694 9 518 1001 308
9 60 930 267 61 977 127 320 401 243 753 517 471 971 165 173 278 599 212
5 882 421 913 257 811 816 12 61 432 117
3 902 358 874 926 127 1002
11 370 736 841 272 887 994 120 440 166 852 631 621 365 986 846 318 219 492 957 1009 219 964
4 315 606 987 398 707 934 463 49
7 226 28 521 337 496 774 598 495 518 124 928 576 539 147
7 630 466 844 493 337 369 262 421 856 234 860 715 252 195
8 845 635 820 519 811 761 562 355 573 436 430 914 543 456 264 837
6 290 787 63 756 627 538 904 439 449 587 392 9
7 203 331 387 266 264 902 777 584 813 692 116 282 357 638
2 672 36 768 596
6 425 58 937 513 448 24 644 392 795 969 257 850
6 663 30 989 351 291 350 593 82 640 56 521 822
2 783 582 881 525
2 1001 203 196 288
5 530 250 160 78 655 511 504 473 663 645
7 186 938 996 542 20 23 679 761 905 263 630 316 45 109
5 853 138 356 297 59 1002 843 587 376 993
5 927 197 723 811 712 1009 694 956 174 450
7 853 6 660 47 18 73 894 92 815 63 632 106 568 963
5 71 303 241 297 539 375 8 144 161 622
3 780 820 667 548 747 588
10 183 29 457 505 37 512 461 368 486 300 629 164 197 378 671 260 773 392 334 22
8 103 240 616 914 152 843 405 586 59 660 679 817 744 267 377 909
6 148 313 564 837 737 953 779 33 203 208 973 582
2 659 426 985 838
7 282 629 84 140 470 280 665 931 255 764 158 934 288 161
3 116 1005 940 787 128 166
3 832 47 438 765 876 974
4 489 434 390 425 495 284 470 722
7 948 98 617 893 86 184 417 181 201 954 795 254 628 698
3 547 406 242 617 573 650
6 897 148 133 931 306 739 590 571 462 403 138 212
4 306 962 556 544 335 186 904 160
5 988 523 381 775 366 252 907 419 156 648
2 868 165 440 552
6 949 201 620 592 282 819 458 999 138 560 53 707
5 721 553 950 375 322 111 266 520 142 700
6 67 358 464 748 464 148 625 637 360 738 568 445
5 596 981 367 287 538 30 245 3 1000 917
9 141 200 618 912 354 891 908 13 12 730 465 150 195 848 208 864 730 166
5 26 180 519 568 196 734 619 349 27 245
4 39 966 368 606 791 38 775 197
5 240 144 395 159 212 816 554 537 299 1007
2 737 836 328 799
4 441 71 808 908 655 179 86 780
4 897 818 918 519 694 839 699 755
4 497 428 315 177 435 260 926 52
5 1007 143 297 763 417 824 1018 257 399 812
10 213 39 943 115 807 126 408 56 579 721 717 465 410 553 815 407 380 106 167 482
4 148 841 804 373 85 533 51 524
4 935 879 674 327 966 3 60 560
2 469 880 164 546
4 942 554 901 599 378 719 416 430
9 656 592 758 990 657 245 893 462 60 15 487 496 725 17 854 47 976 392
2 922 429 939 577
4 772 726 443 903 189 384 662 842
2 829 18 236 835
2 563 797 215 419
3 969 500 548 159 839 712
6 129 316 170 536 692 223 1001 528 159 380 840 66
4 47 983 691 818 816 508 905 746
2 925 295 567 342
7 759 548 274 356 288 94 582 281 626 986 234 281 30 247
7 4 886 587 589 904 932 840 496 554 176 927 620 621 934
7 720 634 786 474 691 706 40 556 436 320 895 729 134 607
4 680 438 1004 385 143 377 584 530
5 695 106 544 146 823 894 608 566 141 13
5 471 274 783 851 831 772 758 606 559 234
7 700 775 807 3 92 1018 684 979 351 445 1013 457 301 16
4 424 709 308 835 525 842 122 571
7 418 322 975 748 250 1013 87 296 471 702 51 326 300 875
7 1008 256 996 92 457 872 826 898 819 747 518 480 593 97
5 716 722 800 9 29 110 963 578 662 732
2 156 622 220 754
3 677 926 1003 770 215 900
5 852 430 480 237 704 439 284 943 189 645
5 680 466 830 911 775 473 408 758 550 912
6 543 69 582 38 120 581 49 490 595 695 868 514
7 551 360 897 624 459 630 748 164 634 109 452 987 491 794
5 103 785 737 553 927 693 40 109 853 596
3 689 1009 46 196 480 903
4 518 912 287 221 758 405 277 822
7 459 320 896 134 620 0 835 807 409 980 588 945 786 237
6 978 852 42 237 774 220 920 686 535 473 427 805
4 636 192 861 849 969 640 765 184
3 648 553 13 927 498 317
8 289 795 156 1021 328 89 452 383 24 828 820 473 882 811 601 125
1 177 415
6 171 154 257 662 299 462 484 160 312 909 969 644
5 394 515 803 606 114 130 492 471 151 540
3 824 907 341 24 634 962
6 973 373 715 275 456 656 992 863 207 994 181 385
3 417 761 767 462 420 37
5 419 649 260 21 43 808 210 476 620 730
4 285 639 836 604 630 533 759 630
6 583 267 301 365 193 385 377 193 151 99 713 49
5 882 673 290 502 702 537 838 449 314 76
1 444 946
4 181 517 1011 307 731 963 926 855
3 52 883 450 884 787 528
5 642 100 723 523 470 783 776 169 832 629
7 486 759 793 180 961 234 55 354 645 567 75 317 746 992
5 240 847 871 180 1013 789 875 339 913 66
8 707 332 799 400 365 1014 159 883 710 137 720 640 202 375 742 706
7 777 979 65 942 73 617 556 258 199 861 622 585 721 568
2 663 819 378 578
11 736 223 44 783 620 124 333 827 338 469 853 225 693 224 498 1013 578 36 470 800 245 215
5 192 533 103 623 652 974 177 654 478 396
5 288 1015 90 610 30 535 498 110 532 810
3 679 464 5 880 761 501
3 1017 542 529 433 503 156
4 450 656 611 606 566 1003 339 325
7 1021 621 259 510 466 437 937 448 872 758 356 213 612 222
4 1016 438 625 80 373 594 628 797
1 331 858
6 46 353 282 580 66 864 597 305 555 115 769 17
9 457 502 545 162 599 586 878 360 111 324 646 134 931 715 792 744 640 724
8 748 135 691 803 1010 543 80 175 518 240 211 617 727 971 281 911
4 376 597 376 451 957 288 931 887
1 112 713
6 541 459 189 279 95 89 822 85 57 246 526 221
2 888 402 320 223
5 592 330 423 490 718 529 1010 497 833 64
4 487 979 896 345 482 841 481 276
5 345 296 1005 896 253 658 286 168 627 73
9 651 130 938 267 318 653 124 98 459 631 631 245 738 957 7 685 798 193
2 652 154 540 89
8 755 52 17 133 754 236 311 634 332 18 370 987 914 191 526 641
5 175 987 272 881 554 815 629 354 283 1
4 103 585 677 195 391 632 771 867
4 279 320 393 400 270 727 886 113
4 948 800 161 385 219 153 956 428
7 540 574 846 484 357 246 918 678 709 617 929 706 740 311
5 676 680 260 104 85 804 224 509 48 997
5 600 960 350 647 78 684 854 165 213 230
4 617 417 939 881 213 472 722 849
5 107 659 407 613 731 664 119 420 731 24
2 833 184 220 711
6 128 459 374 689 381 210 853 452 360 74 1010 162
6 203 785 601 107 610 461 374 155 140 432 462 838
6 796 1023 411 447 139 434 533 866 484 579 840 702
8 991 596 199 687 172 308 424 365 607 182 639 416 797 982 277 177
7 191 92 272 356 194 31 820 447 712 309 275 619 133 514
8 600 241 772 183 716 478 624 495 824 333 994 959 558 37 746 239
3 32 912 758 994 188 380
7 294 737 509 425 380 266 157 660 47 997 779 509 14 12
9 782 435 593 490 743 217 715 322 402 830 674 702 449 272 874 797 181 416
2 97 403 15 547
7 12 626 96 199 20 278 798 766 834 206 598 69 521 245
5 151 50 916 254 567 181 0 27 554 610
3 906 331 100 456 504 490
4 211 924 804 844 51 586 390 924
12 643 824 620 188 829 757 246 954 297 154 779 863 371 476 601 347 793 156 36 507 976 106 985 755
4 617 230 799 879 720 637 584 394
6 717 178 370 781 523 541 654 145 696 523 170 780
4 392 421 602 535 819 618 274 84
4 305 434 727 3 864 220 862 25
5 110 922 1013 735 28 496 987 204 275 765
5 10 61 334 306 701 834 82 917 437 549
5 506 285 828 974 898 598 63 953 630 43
5 459 19 422 288 296 648 929 631 49 756
5 869 88 870 614 126 747 386 570 170 799
5 317 45 145 41 915 403 247 103 585 580
3 454 119 141 1001 154 652
7 248 703 773 192 105 858 122 355 289 1015 583 603 766 154
2 770 980 135 151
6 209 124 226 548 413 156 940 561 323 482 504 94
4 191 979 970 934 974 518 578 504
3 654 841 751 995 882 885
7 78 345 412 886 247 67 844 552 320 570 457 492 533 183
4 99 501 601 460 134 415 710 987
5 243 867 125 711 138 916 372 211 485 925
7 811 797 842 717 135 186 502 649 587 78 263 1023 384 729
6 230 110 500 36 399 231 391 359 157 240 75 270
7 179 1005 968 979 153 857 43 987 108 334 773 55 140 102
3 834 70 748 810 601 600
7 566 916 195 847 785 429 764 9 675 271 439 1010 626 333
7 263 754 522 876 287 683 975 336 124 123 726 616 363 258
3 5 58 507 170 905 550
3 383 846 877 661 353 592
6 436 751 888 559 678 257 282 47 529 998 112 757
7 428 619 485 238 792 977 77 467 453 472 511 694 968 417
10 267 383 723 817 497 783 906 147 233 793 7 896 47 77 572 793 279 147 266 434
3 94 411 127 468 6 242
2 241 440 302 30
9 561 223 699 1013 116 93 376 56 795 263 902 783 907 876 302 94 880 804
4 66 155 151 120 898 998 801 475
4 305 936 599 867 266 653 517 554
8 697 446 100 524 293 630 488 159 330 511 689 168 289 101 994 351
3 458 607 68 315 561 161
6 475 90 148 1023 182 841 286 770 478 77 407 630
4 283 1004 846 501 50 665 472 666
6 401 426 873 630 119 914 970 715 30 400 482 522
4 1 895 843 231 349 427 359 485
3 263 335 641 620 975 723
4 275 628 314 339 7 533 863 635
5 495 137 254 1002 869 39 726 1001 487 94
2 273 900 208 241
2 158 236 831 696
3 208 852 473 985 285 90
9 664 186 451 86 513 561 802 895 198 207 277 432 466 951 778 231 798 1016
2 752 637 439 10
8 253 973 10 381 295 4 230 893 85 882 70 963 684 366 166 255
3 512 655 253 890 376 950
8 119 866 145 268 379 180 945 617 677 627 746 950 471 723 937 488
5 193 659 493 977 925 559 993 311 780 553
9 127 571 428 829 569 326 198 683 104 600 103 797 140 846 45 204 789 601
4 417 217 423 905 889 605 820 352
3 185 648 449 178 180 560
6 358 271 722 652 1001 23 806 923 20 1000 663 128
6 975 630 572 434 742 992 348 153 763 528 290 299
5 930 1007 505 863 78 219 38 325 452 776
8 582 325 362 69 127 198 751 129 866 23 571 418 699 945 56 339
6 526 198 541 114 739 397 683 824 93 231 761 40
6 973 789 524 252 1012 826 1012 52 1016 605 862 449
4 916 83 120 398 447 80 987 598
3 696 458 717 288 813 121
1 641 551
4 642 139 851 937 983 732 140 617
7 875 433 962 488 662 279 995 495 316 322 525 157 633 45
4 268 632 69 659 411 146 513 373
6 655 752 204 463 707 110 711 469 829 186 687 834
4 460 963 413 51 685 25 73 929
5 65 907 307 504 587 793 378 885 957 641
6 165 848 826 524 664 955 256 844 891 93 75 247
5 1022 598 847 287 9 187 812 509 1010 885
6 537 238 104 1002 71 315 492 435 686 155 740 107
3 951 813 687 623 198 813
4 687 781 196 635 97 465 176 510
3 165 773 793 582 867 662
7 865 611 755 193 600 240 468 975 763 157 587 45 417 910
5 151 1011 339 408 269 277 956 284 404 740
4 42 817 909 262 74 476 7 992
7 550 870 694 270 274 752 43 480 414 658 277 90 504 158
1 519 864
4 1008 990 987 883 448 829 880 875
5 46 228 514 459 718 405 595 966 466 31
3 433 412 57 95 774 557
8 470 76 51 614 573 993 584 512 992 304 776 230 838 690 731 853
6 28 326 253 328 414 142 860 983 217 499 175 657
2 980 457 910 548
5 702 518 299 1023 127 95 505 641 440 882
2 824 756 969 760
6 433 930 710 309 906 249 683 76 455 866 51 274
6 535 860 672 484 460 185 189 286 399 162 415 556
4 17 239 936 126 59 896 890 328
5 535 15 640 665 810 827 772 644 911 1011
3 546 405 225 966 448 252
4 348 338 914 900 591 793 1023 6
3 671 15 1014 661 294 309
8 773 112 215 410 146 698 572 558 1008 392 604 1018 12 248 5 219
9 918 1 465 551 164 436 242 299 632 535 951 549 105 145 321 743 914 589
6 752 749 25 894 691 312 188 650 183 802 682 621
6 679 466 671 737 962 512 376 373 206 560 992 212
8 237 852 413 559 1002 268 791 899 476 938 820 301 170 626 149 969
4 229 246 444 12 29 13 184 254
3 728 529 76 130 755 441
5 617 877 660 907 804 449 985 815 479 391
7 909 454 866 905 840 925 279 634 950 257 12 941 529 81
7 727 652 711 1018 60 233 710 5 282 959 899 335 100 86
2 421 96 685 116
3 579 943 839 105 826 679
3 47 654 301 952 719 565
7 808 932 120 1017 873 351 92 540 642 339 788 751 102 856
7 993 585 834 505 694 764 474 473 799 304 489 974 760 475
8 274 258 482 648 164 432 594 882 485 508 465 255 452 585 29 361
3 293 800 821 33 712 104
3 510 59 376 564 767 736
5 912 925 937 619 918 322 692 939 715 150
5 469 483 104 514 773 452 169 913 833 184
9 574 659 625 311 875 881 207 1002 170 397 248 46 686 10 39 437 138 76
4 567 638 667 627 859 3 406 433
3 15 235 114 208 176 846
5 371 359 244 702 96 795 986 762 895 924
4 894 902 639 854 152 145 426 372
10 670 774 462 90 653 890 265 170 800 10 951 965 40 1018 358 940 993 138 853 653
6 993 596 422 436 743 605 397 815 153 96 788 503
8 211 785 502 826 153 750 691 950 44 792 797 879 661 126 986 488
5 118 452 71 641 621 26 856 663 741 719
2 639 137 445 993
3 678 632 857 379 916 264
8 81 143 933 314 307 212 285 989 80 931 711 775 114 575 743 862
4 156 96 826 898 6 939 934 847
6 204 587 498 774 755 28 180 626 565 521 957 468
5 73 481 93 960 191 296 858 321 932 260
3 370 451 731 404 700 720
5 978 417 816 280 470 640 554 365 445 386
7 291 710 190 788 826 209 406 407 231 642 589 908 1000 542
4 1014 279 599 199 233 824 832 235
4 236 786 724 878 924 628 678 36
4 717 88 498 354 271 458 991 727
5 377 1008 911 29 40 441 33 3 166 248
3 444 481 60 232 300 233
3 964 772 71 411 103 818
2 498 361 369 823
3 487 185 507 545 531 92
4 645 567 550 989 392 1008 523 459
4 99 941 799 861 879 140 885 330
4 128 626 712 777 953 287 719 8
8 169 196 957 979 923 712 366 157 800 453 120 891 1013 1001 305 8
7 934 26 267 306 180 634 39 466 468 193 882 759 336 251
2 478 51 732 1017
4 333 65 587 433 681 528 427 778
8 188 571 181 754 407 322 147 414 762 5 379 328 15 409 437 669
3 735 116 238 482 941 196
4 652 930 610 316 211 102 760 9
4 838 122 544 825 991 712 792 704
4 440 995 622 309 104 330 601 160
8 603 954 843 425 1015 203 48 175 164 869 355 1013 683 291 234 707
5 110 83 660 913 690 102 79 920 616 837
2 25 16 11 597
7 273 807 72 187 247 504 839 201 845 840 264 885 363 282
4 468 797 914 736 688 331 231 971
6 457 629 226 104 310 870 401 365 313 433 858 1020
5 306 993 899 79 123 199 838 522 634 505
4 57 877 137 341 527 359 529 829
3 40 310 190 502 53 855
9 253 499 669 169 68 348 368 980 223 955 800 106 186 821 89 574 883 620
4 292 143 738 395 905 684 723 420
5 48 825 808 394 775 971 397 437 630 175
4 934 44 479 352 926 834 318 423
6 354 56 392 237 176 608 262 544 958 89 401 163
4 743 430 483 332 37 738 375 319
2 174 184 673 633
6 518 51 945 222 166 372 32 25 706 437 210 236
6 779 430 637 114 798 701 547 875 7 822 888 732
3 917 868 854 205 1011 768
3 805 16 481 672 394 915
5 858 821 89 157 642 313 671 328 281 559
15 7 298 795 635 352 215 219 801 312 718 491 422 322 806 462 696 791 618 693 631 991 160 415 426 551 301 509 4 863 247
6 347 797 652 47 7 633 734 351 493 401 109 847
8 724 128 998 4 229 211 887 840 546 370 269 870 547 1002 897 1004
5 219 151 252 69 936 205 644 250 948 156
8 458 400 509 686 420 936 485 593 611 652 308 1001 941 284 803 609
5 553 284 7 937 966 197 505 951 736 518
4 861 900 503 698 975 763 256 543
4 777 19 416 532 571 899 688 378
4 892 43 1016 597 891 592 299 247
3 1023 516 77 467 757 343
5 444 549 244 887 447 762 32 697 174 563
4 569 596 215 909 799 839 433 986
9 910 745 240 431 635 466 742 464 795 126 511 609 628 665 87 327 478 268
5 694 598 930 801 46 544 478 564 271 587
6 915 770 177 31 892 222 86 230 798 546 393 112
5 157 247 436 754 15 426 156 945 184 775
3 754 919 974 245 536 462
5 93 1000 412 15 824 479 999 439 332 861
5 33 264 149 43 850 88 457 251 146 305
10 773 607 709 8 739 993 81 646 908 574 190 964 722 411 838 640 567 763 91 624
3 168 936 0 1021 160 520
4 768 799 741 664 1004 518 735 344
4 843 456 805 366 851 436 775 601
5 316 10 900 227 58 123 1021 737 738 262
7 81 193 137 888 309 592 401 939 608 242 862 516 366 207
7 689 702 829 743 195 753 516 122 299 1020 918 836 955 884
4 325 389 156 975 218 721 174 966
3 1 100 841 904 428 483
7 889 457 665 455 776 685 204 946 120 217 2 44 644 409
8 836 257 294 464 352 873 635 991 820 546 214 798 223 910 160 508
6 365 879 334 839 823 730 922 957 660 384 561 876
3 490 319 351 23 831 42
2 434 372 679 359
6 912 82 125 491 577 917 970 560 826 762 172 740
4 713 803 76 731 841 273 536 749
9 601 640 57 80 623 21 181 620 506 313 516 487 607 473 389 840 284 103
6 21 875 240 272 719 642 755 945 588 411 788 192
2 284 500 387 940
10 211 891 392 745 862 196 372 886 682 279 848 958 428 207 266 699 936 669 698 493
8 648 282 546 815 4 956 230 926 621 130 410 341 350 194 822 621
6 778 35 268 147 947 41 604 582 21 80 931 834
3 196 875 357 641 36 494
5 425 801 15 598 948 463 744 53 843 507
6 99 466 131 713 582 725 492 544 956 334 224 193
6 506 492 723 366 281 330 345 1013 966 473 598 836
6 648 937 472 339 488 379 945 497 986 464 454 864
4 589 34 388 79 385 453 908 710
7 240 900 181 500 691 823 234 1022 982 196 132 231 854 946
5 539 196 737 369 833 632 110 858 30 868
0
5 112 502 659 624 898 238 193 731 378 61
1 924 270
4 1010 425 772 325 91 743 685 430
2 524 149 256 213
3 561 88 514 976 992 563
5 720 774 579 679 976 830 643 920 706 632
2 408 883 601 207
4 454 678 732 723 982 687 385 299
3 167 72 551 49 658 851
2 193 449 452 683
5 478 20 963 450 240 66 333 421 782 369
6 939 748 531 828 19 739 93 186 222 238 134 854
5 165 988 126 277 213 552 615 334 663 41
4 113 594 797 543 924 92 181 529
9 302 764 180 443 967 297 634 260 217 305 438 383 118 1007 726 393 989 822
4 462 816 978 964 141 480 117 560
2 50 737 508 287
7 255 543 630 967 646 596 352 57 916 690 306 538 688 712
4 343 675 886 485 296 266 262 506
4 487 969 614 47 610 106 685 139
3 370 635 503 937 822 23
2 805 102 415 109
3 847 95 231 76 494 854
7 738 567 706 544 22 162 940 850 422 268 875 582 30 132
5 994 94 542 323 684 878 62 87 926 852
6 31 502 792 699 251 807 864 172 476 918 632 452
6 55 68 510 214 1011 879 662 630 27 809 160 860
5 330 603 447 134 17 522 419 144 125 468
8 961 516 460 221 131 465 494 837 810 168 590 433 778 222 1002 570
2 385 155 634 179
2 420 827 613 948
8 623 676 835 153 284 306 6 517 841 901 911 117 823 403 983 502
3 274 172 572 231 236 274
4 583 477 814 424 273 357 940 738
0
5 880 82 53 1019 1018 492 697 942 725 411
4 184 315 533 60 417 759 463 423
8 761 129 398 773 284 980 89 207 720 62 672 325 643 152 834 788
6 381 251 120 833 914 574 836 896 290 749 393 811
4 70 540 222 812 250 437 801 839
6 626 951 732 626 218 389 336 466 937 480 640 830
3 561 229 55 671 800 927
7 417 143 192 504 927 363 236 128 934 691 709 921 336 70
3 155 391 503 768 867 446
4 150 355 108 584 524 751 997 900
5 938 943 548 980 182 763 900 358 719 394
6 77 408 554 640 984 539 969 87 728 27 0 953
5 530 376 939 290 260 734 162 818 585 551
10 670 957 339 653 966 588 409 860 54 359 439 804 792 543 559 906 777 634 1009 179
7 42 179 128 902 774 861 19 916 960 534 580 323 194 749
4 448 386 537 717 471 754 670 551
5 574 601 656 817 832 752 403 262 584 30
5 270 181 204 943 679 132 883 994 510 311
1 164 444
4 901 823 250 1007 146 889 393 88
9 341 637 857 227 325 425 956 16 956 45 795 442 102 282 714 814 618 733
6 329 256 691 814 762 194 973 388 555 534 389 145
7 63 386 961 496 881 374 797 198 598 996 841 257 487 938
5 257 88 842 172 558 295 459 880 257 649
2 901 1018 771 722
8 205 45 5 263 160 1020 512 379 194 458 329 846 310 980 710 19
3 627 568 130 33 304 2
9 473 489 820 250 127 832 948 655 19 715 809 656 977 609 167 930 964 635
4 974 166 827 575 341 353 337 490
5 758 335 67 298 610 183 673 447 840 141
4 970 815 87 503 959 48 324 84
4 842 719 324 470 394 584 519 1
6 170 654 722 691 824 832 230 50 209 356 419 523
6 181 676 95 658 301 733 471 444 998 365 382 222
6 837 625 101 368 491 560 811 450 1003 220 665 1008
5 919 102 953 273 273 857 476 745 508 98
4 562 660 948 502 328 448 1017 781
7 503 786 728 820 613 1019 295 183 532 276 628 771 448 681
6 725 266 939 863 535 872 856 622 815 502 410 382
2 101 913 29 399
7 205 714 694 3 333 522 832 288 321 708 101 482 757 817
2 304 173 472 433
5 794 892 905 216 623 771 689 1015 694 927
4 877 772 896 84 408 364 988 674
7 14 604 894 995 508 86 909 701 654 577 642 749 214 838
8 377 401 781 700 523 778 158 848 594 740 273 330 567 910 488 507
2 805 345 465 408
6 477 133 446 978 208 796 694 603 861 776 418 775
4 172 280 7 815 654 274 540 130
7 441 921 364 552 288 163 528 961 366 700 197 662 564 766
5 703 881 589 802 19 570 153 287 430 545
1 660 661
4 707 501 254 26 582 696 958 811
4 979 594 641 554 138 827 191 34
6 91 425 844 322 329 602 690 774 1010 1012 843 315
4 888 872 334 659 284 141 564 47
5 866 676 640 11 165 413 844 970 669 705
4 612 570 260 39 731 239 1012 418
5 321 338 275 31 866 928 794 941 827 118
4 502 210 382 857 166 649 442 603
4 286 228 91 121 618 889 918 993
4 754 996 494 84 405 199 853 634
4 124 980 101 443 661 440 797 547
7 263 231 600 552 451 897 579 923 391 792 919 664 222 617
8 452 334 943 909 580 1015 626 24 908 182 232 973 730 125 225 69
3 22 956 217 146 237 223
4 620 178 289 5 744 37 846 679
4 746 921 446 901 868 73 858 521
4 533 715 391 658 651 866 903 419
3 437 895 1016 478 82 693
10 771 444 410 603 30 446 637 441 759 208 605 717 342 43 908 535 389 439 838 261
7 457 644 678 150 762 61 920 807 670 423 186 105 108 188
5 449 403 775 660 472 988 585 419 143 758
3 499 501 669 67 592 398
7 142 779 739 264 657 737 141 592 587 86 949 677 1005 182
2 897 993 420 385
6 856 214 155 411 957 72 344 488 329 417 522 335
5 324 829 235 720 26 374 345 801 834 211
7 492 939 979 330 238 887 113 763 425 766 182 574 950 237
3 1011 359 737 140 251 954
5 112 103 414 429 794 811 283 275 975 97
1 833 261
8 63 293 398 796 670 727 166 623 923 1000 271 421 803 744 702 650
4 539 710 224 252 785 765 1015 724
6 653 485 553 575 218 968 672 852 147 752 775 535
5 914 659 0 137 532 40 601 447 904 707
3 910 804 281 694 128 261
4 961 48 624 725 134 228 197 201
7 563 71 1000 990 106 2 941 202 213 184 189 429 841 112
6 100 928 251 904 1002 944 829 731 508 70 109 24
4 650 303 1011 618 265 41 481 735
4 415 410 12 763 427 908 919 169
6 971 105 909 163 465 294 229 109 538 578 255 924
3 333 310 549 351 896 987
3 489 607 1020 225 296 680
5 859 565 1023 168 998 123 405 871 498 373
7 609 390 391 17 974 618 508 559 580 372 405 148 719 974
2 1005 582 410 558
5 979 409 203 183 955 266 108 759 987 332
3 810 38 748 437 770 450
4 899 43 974 130 437 821 149 594
4 896 10 312 701 532 58 900 20
3 599 875 114 316 54 997
4 209 1005 460 91 168 604 200 74
8 89 46 99 4 357 678 118 835 141 979 238 133 396 556 633 699
4 552 939 403 685 532 817 255 268
3 836 662 21 244 516 765
2 379 490 856 831
7 770 429 787 724 582 759 230 171 774 438 695 534 509 717
6 322 155 339 467 874 313 195 710 628 58 64 785
7 873 763 183 930 721 844 494 598 735 176 19 919 245 4
3 93 765 361 696 310 876
1 1002 799
6 967 446 615 90 698 870 92 483 205 1011 261 693
7 603 453 608 877 529 913 561 695 732 534 450 454 965 964
7 862 612 878 810 443 811 731 478 484 948 165 226 732 406
10 993 176 227 510 505 644 673 111 50 873 356 334 275 279 49 320 218 920 447 605
4 252 16 656 231 768 428 492 560
4 507 839 744 926 835 378 498 406
8 258 102 1021 823 626 848 724 3 885 850 737 160 597 829 911 837
9 942 1013 352 836 508 247 316 835 531 597 740 46 855 759 873 829 321 514
2 597 829 54 25
1 725 580
4 138 396 871 941 855 319 790 275
5 930 704 414 73 77 609 982 990 720 634
5 322 870 538 914 417 377 748 917 990 359
7 799 937 623 270 444 219 582 17 451 997 413 808 835 602
5 282 813 237 432 99 217 449 513 870 208
3 206 873 418 53 943 351
5 400 620 209 408 699 619 520 270 361 556
2 854 93 913 529
2 889 183 949 1
5 897 419 225 844 790 334 399 394 661 887
3 962 583 425 330 595 1014
5 765 892 293 10 831 48 896 802 434 654
3 435 275 815 862 74 499
6 683 47 302 932 58 995 447 72 153 429 265 409
8 963 122 1013 605 119 600 334 600 503 883 127 136 557 62 261 562
7 346 536 193 868 236 811 784 996 982 975 140 11 230 387
4 270 769 450 543 403 113 600 53
7 981 979 172 721 646 172 821 73 395 432 467 483 807 602
7 281 433 397 995 156 902 272 459 645 745 158 858 621 740
4 969 844 351 179 173 135 808 228
6 671 817 695 705 461 589 251 734 174 861 364 258
9 295 467 179 649 2 346 69 133 550 780 691 16 151 136 627 608 662 431
0
4 309 19 112 662 345 586 662 775
7 185 252 92 995 971 261 92 941 57 835 881 610 684 532
5 417 792 14 906 719 66 320 956 847 464
11 892 925 777 482 49 856 465 205 404 848 85 319 669 171 592 727 853 968 467 578 124 540
3 59 970 212 526 370 547
5 716 955 767 181 694 419 760 864 91 28
3 946 621 77 733 772 839
4 4 551 361 802 250 542 879 108
6 769 995 260 611 673 35 29 126 1005 493 903 638
5 655 829 297 88 978 342 238 58 460 618
6 845 582 450 219 494 50 80 209 280 961 395 709
4 706 832 851 986 68 827 545 456
7 139 744 442 203 483 371 383 959 800 33 15 732 289 696
6 544 129 65 8 874 911 730 516 579 246 350 715
7 526 401 55 587 224 333 216 701 754 200 604 730 119 43
3 907 37 6 868 645 633
8 140 564 441 293 554 253 87 421 696 79 252 684 462 575 455 381
5 467 355 46 522 195 331 288 958 12 82
9 400 160 803 609 154 147 966 755 285 140 686 307 744 602 176 262 654 640
5 622 890 568 588 330 363 308 360 281 78
6 992 341 344 389 844 174 186 351 361 237 672 21
3 814 156 317 464 54 804
5 113 293 862 806 882 751 669 56 776 433
8 35 380 382 931 823 641 897 637 982 442 97 357 736 130 382 659
7 626 305 952 503 416 73 410 450 406 489 614 654 787 802
3 544 592 798 340 520 979
3 985 522 419 553 328 748
7 997 506 152 97 346 675 74 612 723 230 906 665 619 278
11 598 504 278 410 380 973 804 988 360 780 820 606 243 292 194 744 875 804 234 420 757 491
4 229 254 541 51 775 281 360 853
0
3 977 446 5 493 6 27
6 135 815 729 877 746 904 461 171 1002 285 1008 973
2 814 279 764 1005
5 788 472 148 16 848 862 689 66 194 697
8 460 521 264 677 53 373 334 897 851 268 280 928 34 767 835 498
6 727 660 516 721 22 457 208 933 117 999 467 308
4 994 42 341 441 432 693 402 993
6 726 830 21 195 694 976 631 239 349 368 990 621
6 163 810 379 937 153 978 1013 203 628 378 594 591
3 692 493 696 448 730 420
7 146 390 64 535 104 313 268 430 681 395 477 738 609 529
4 798 41 64 366 770 923 124 117
8 93 196 269 357 610 757 230 764 141 823 851 764 87 434 102 376
4 678 568 643 770 1016 898 418 288
1 629 496
4 723 253 69 719 253 852 469 951
3 520 4 784 475 281 234
6 240 812 359 952 640 339 28 990 320 367 327 672
4 293 382 378 247 1008 834 908 150
5 346 947 238 620 1008 973 737 747 652 1005
4 316 895 878 659 410 232 863 638
8 94 678 484 64 558 303 422 430 582 443 996 377 941 169 979 456
3 419 648 364 582 63 978
8 903 735 922 192 70 680 892 865 178 262 743 893 834 637 371 424
7 60 950 951 335 665 225 652 486 430 359 801 714 439 14
5 651 309 649 807 346 961 300 752 825 275
3 451 404 783 129 698 404
5 550 111 6 739 416 891 986 999 971 188
3 492 688 268 724 417 561
3 158 101 961 754 949 217
9 438 118 828 938 763 33 998 294 966 911 500 482 753 439 14 1002 639 119
3 221 68 907 815 17 543
2 318 708 908 156
9 557 859 990 879 1000 882 137 94 59 283 347 265 654 364 200 766 337 166
3 661 692 113 911 564 571
5 45 928 962 285 856 690 396 1013 689 229
4 145 336 563 606 527 953 302 247
7 642 510 538 387 139 205 200 591 867 48 92 755 172 814
7 593 921 710 1003 795 547 230 505 297 273 1007 402 903 338
5 933 443 795 874 274 210 634 688 388 30
3 78 618 819 406 738 384
5 970 825 760 599 587 125 848 507 236 736
7 283 92 664 421 987 531 401 13 657 550 344 865 496 28
10 501 647 640 539 887 890 337 911 664 185 62 365 134 54 967 657 726 205 69 750
4 909 344 681 223 338 533 226 602
3 597 273 931 84 777 224
3 747 428 208 421 436 262
4 273 998 286 70 669 604 588 317
9 914 967 754 290 269 948 635 604 312 905 771 830 810 494 193 980 548 453
6 305 705 706 278 240 845 991 492 10 233 259 69
6 735 801 415 35 874 903 982 236 856 131 768 1023
7 144 296 866 894 915 178 131 665 808 206 171 414 70 514
4 366 82 571 669 853 885 467 768
4 53 228 336 508 31 817 158 406
7 1005 555 538 228 896 413 714 102 384 3 248 713 187 210
9 127 607 829 982 522 323 1002 85 898 213 673 733 144 97 178 771 954 77
1 292 686
9 1005 858 367 846 447 116 620 277 591 816 222 352 857 463 405 375 744 250
5 73 599 917 186 315 456 875 193 316 238
1 68 361
8 740 34 583 345 254 366 121 10 167 356 497 167 534 401 474 925
8 456 511 592 1016 360 451 437 624 804 999 222 507 651 803 131 503
4 1012 730 397 32 997 176 475 555
3 755 807 44 276 827 329
4 319 688 641 789 765 171 479 669
2 698 747 333 698
3 117 702 91 630 666 216
4 393 482 809 796 274 120 893 323
5 731 936 844 635 694 435 343 924 941 653
9 200 664 891 294 277 613 370 614 520 185 237 752 261 972 401 456 420 644
5 758 908 724 438 798 539 216 693 138 346
4 716 714 564 108 450 94 809 178
3 283 39 829 773 345 359
5 456 134 283 838 592 321 459 282 748 866
3 505 678 795 705 205 448
3 502 55 376 190 902 92
5 923 437 375 437 147 835 508 803 960 557
4 944 158 500 835 455 371 506 839
9 581 495 122 593 969 973 610 478 649 72 813 524 241 1022 757 695 1012 546
2 60 350 721 994
6 204 131 839 73 258 431 703 137 192 107 980 439
4 469 921 834 932 722 19 360 598
5 43 440 353 824 627 750 365 453 521 431
3 978 79 450 796 9 260
8 79 703 117 19 502 394 543 289 772 706 75 248 719 857 767 559
4 760 982 708 121 107 562 636 651
6 313 706 972 278 191 198 194 631 646 676 241 409
5 561 792 835 375 868 359 482 250 766 318
7 927 426 262 191 803 246 681 771 535 793 441 253 873 871
5 971 561 56 435 345 551 477 401 581 397
4 272 70 298 162 705 559 715 486
3 529 90 633 652 929 975
4 195 968 477 597 2 331 749 311
3 65 759 1021 407 176 244
4 488 821 891 946 376 381 875 59
2 934 91 179 917
6 878 584 220 873 53 921 249 40 63 830 825 945
6 398 354 145 194 245 354 589 330 11 912 277 461
2 164 796 644 898
1 718 537
7 248 276 552 581 940 684 268 31 376 329 15 1021 146 950
10 648 883 805 469 567 54 917 99 19 807 454 415 482 371 70 474 616 458 771 224
2 185 546 788 149
5 429 694 285 752 760 462 383 700 903 856
7 531 197 706 416 394 167 775 378 996 36 672 623 905 335
6 918 416 572 850 317 584 454 773 637 576 721 8
4 403 755 265 976 584 698 363 156
6 173 4 518 226 205 47 899 391 433 109 240 640
4 928 365 1014 157 468 229 709 284
5 943 561 315 185 849 269 530 919 387 115
7 17 313 529 15 231 352 824 105 14 526 153 168 940 332
4 47 998 30 318 905 112 225 704
6 446 852 997 722 459 775 478 792 582 205 714 697
3 223 657 826 786 117 141
2 293 974 661 622
6 382 464 96 1002 829 354 255 958 769 686 154 790
4 604 608 320 242 15 943 771 960
7 420 9 313 548 300 299 276 391 273 115 226 671 542 151
2 423 809 160 357
4 906 391 989 811 396 929 480 255
6 905 972 586 632 113 250 975 822 104 298 982 384
2 381 499 697 884
6 713 917 968 540 86 655 222 208 560 765 548 658
5 908 599 167 915 515 740 340 385 416 382
9 107 443 125 307 390 677 469 474 351 986 498 154 663 887 563 582 69 273
6 905 672 298 315 209 847 366 786 947 269 994 36
4 970 49 533 341 520 753 198 758
6 259 161 224 807 1021 916 15 169 924 299 793 957
7 459 966 1019 927 116 557 472 943 970 244 67 40 233 1011
6 854 550 572 118 924 198 584 853 466 3 130 633
9 508 678 473 129 414 35 417 1006 791 912 438 572 597 904 311 663 105 876
3 227 665 588 22 257 899
3 913 732 665 218 379 61
9 1017 782 744 270 840 193 691 960 777 405 900 731 1000 91 1008 781 823 788
7 708 819 436 127 427 616 984 384 786 449 676 600 365 574
3 132 604 678 713 712 557
3 778 590 888 441 194 481
4 679 151 372 513 275 447 559 951
5 334 506 1001 198 347 871 233 943 1008 242
1 482 919
10 16 436 405 736 65 833 725 500 896 938 568 162 991 693 526 204 29 20 463 409
5 876 551 111 580 37 258 155 479 382 160
8 650 695 218 357 158 496 878 994 548 438 973 531 113 301 454 57
5 717 214 290 708 131 386 111 835 208 481
7 218 573 359 95 517 231 809 888 647 1011 972 933 393 833
3 998 878 604 587 69 87
6 906 377 174 893 1022 1006 623 256 356 384 890 415
3 635 292 56 326 206 64
4 148 670 209 70 173 982 739 510
5 284 652 220 663 354 21 791 947 764 809
5 215 950 858 506 956 90 692 655 76 144
6 213 889 69 693 946 140 974 616 373 20 1018 630
7 100 611 897 407 72 433 1005 392 416 153 191 646 131 833
7 937 221 83 52 56 821 913 562 268 905 713 660 966 821
4 384 277 68 916 655 440 94 129
4 336 407 690 1020 463 925 904 783
4 653 633 535 720 213 857 516 241
5 319 996 791 523 365 459 976 271 597 24
5 944 898 16 784 812 488 746 890 347 614
8 603 762 886 503 954 147 679 1008 891 981 455 529 331 114 239 964
4 839 16 426 97 839 1000 92 72
7 120 27 753 309 272 150 734 292 554 44 651 296 997 99
7 833 177 737 371 396 903 735 405 185 711 59 237 406 764
4 678 610 540 167 949 815 1012 853
5 610 602 301 863 961 61 570 816 164 798
6 834 229 910 609 920 122 411 412 371 558 20 523
6 283 510 784 117 757 332 606 717 787 97 77 605
5 210 677 471 86 222 63 605 8 965 208
3 359 621 359 584 634 641
3 596 893 842 181 385 837
2 452 234 702 970
7 966 459 803 916 53 585 543 76 575 834 738 269 208 934
5 645 33 439 309 594 344 897 757 733 236
5 423 563 819 172 430 951 948 743 18 729
5 1001 409 719 291 552 233 630 483 612 714
4 335 17 215 302 795 312 419 127
4 579 494 669 93 548 206 497 521
7 578 920 350 732 327 373 114 268 637 720 761 103 250 92
3 445 793 137 634 856 835
1 207 298
1 45 101
4 13 443 467 355 61 959 455 653
7 598 485 330 850 932 772 928 8 777 441 415 901 1023 97
4 809 644 217 230 44 240 512 791
6 886 988 185 814 406 893 276 558 846 578 702 809
4 100 507 195 1010 953 381 845 719
8 684 209 533 630 925 306 594 50 999 551 991 451 453 987 841 622
4 923 654 119 575 163 400 510 611
6 465 711 279 119 456 634 220 279 671 774 111 610
6 1002 276 859 902 890 68 635 794 284 41 829 172
4 392 874 259 951 834 182 677 520
3 144 948 819 316 20 809
3 594 873 1 212 954 370
9 1011 286 267 277 394 518 957 962 913 91 978 314 636 997 165 328 158 994
3 489 675 398 327 938 529
7 448 452 677 398 68 565 623 341 498 535 264 653 909 562
5 690 138 862 416 403 638 489 259 864 516
2 6 458 64 858
6 820 961 759 352 660 503 534 381 496 892 45 715
7 429 366 0 764 819 937 946 11 303 418 109 705 115 771
4 16 239 250 406 494 117 465 21
3 500 921 403 757 328 738
6 532 716 38 189 898 862 973 152 977 230 148 138
5 616 303 36 298 391 68 586 244 742 754
9 868 904 801 89 634 89 295 336 886 937 550 326 348 344 180 206 1003 401
10 703 857 277 476 946 1016 431 521 920 327 779 59 55 217 59 803 539 464 77 259
9 49 841 435 500 686 959 941 654 559 583 684 371 901 107 181 207 276 303
5 819 234 476 115 494 176 33 972 311 212
4 384 397 45 945 166 868 114 517
4 699 170 708 897 935 456 600 392
8 874 408 52 448 853 340 65 635 69 570 135 429 676 710 303 909
4 48 692 814 622 461 198 366 937
3 987 361 519 864 607 402
12 466 188 311 220 460 499 740 677 169 414 728 438 913 88 970 984 821 140 381 723 981 485 170 117
8 734 681 235 410 316 868 917 688 69 575 356 593 959 680 422 418
6 980 618 611 138 317 686 642 225 455 361 183 116
2 180 209 699 233
6 672 179 415 108 39 429 142 808 722 486 625 759
4 484 182 988 773 29 318 650 816
4 929 300 391 208 566 68 661 601
8 939 644 267 146 218 228 1019 319 529 20 127 361 282 191 472 1001
3 596 675 578 769 286 575
2 602 983 405 929
4 191 11 905 48 638 245 812 857
0
4 645 440 991 592 131 79 624 247
3 589 632 514 534 616 452
2 240 178 292 905
3 790 260 204 577 766 385
3 587 525 276 203 729 612
7 471 557 813 1011 178 394 893 187 971 748 287 147 89 708
8 1 749 792 289 250 772 806 841 828 371 965 919 578 373 810 459
5 494 244 96 991 420 853 533 1010 380 902
2 334 36 107 489
5 709 740 35 148 120 690 874 497 850 361
4 483 179 711 741 789 911 583 97
7 10 324 743 596 719 767 165 633 409 229 348 442 479 305
5 512 524 818 65 40 293 64 308 674 119
4 189 852 955 457 453 512 427 660
2 483 325 672 316
8 737 95 259 996 380 760 384 80 781 50 773 532 160 1011 73 954
5 454 965 435 400 965 822 391 102 291 49
11 44 359 953 812 573 166 854 92 854 653 529 1011 64 873 967 669 540 433 7 592 947 963
10 711 659 716 782 709 300 778 694 762 3 467 211 675 439 583 736 661 506 120 108
4 712 786 621 217 368 959 885 528
5 408 49 340 741 783 216 460 735 951 1020
4 722 650 854 761 183 364 45 121
6 320 226 355 274 454 497 94 38 448 758 679 514
5 1005 1010 621 795 186 653 848 665 109 699
5 48 720 954 748 328 663 469 543 844 531
4 121 195 692 606 353 690 373 130
2 169 255 12 339
7 202 903 762 347 722 85 877 36 610 528 514 9 243 19
5 641 458 585 22 470 537 309 812 826 940
4 426 142 656 230 266 717 606 799
6 264 427 96 101 481 19 88 754 554 927 948 988
9 751 816 499 169 671 817 447 906 920 877 476 131 497 617 140 426 704 237
6 1017 630 918 295 1003 343 691 991 659 60 597 561
10 546 552 109 151 830 479 535 156 554 852 471 124 523 437 499 516 42 344 184 330
4 327 137 124 947 476 160 706 546
10 451 519 898 14 66 350 620 43 670 447 948 569 949 96 238 314 946 63 182 29
3 431 227 685 865 601 712
4 453 601 982 867 443 437 322 135
2 600 581 750 231
3 88 575 455 166 947 817
4 918 601 450 185 483 101 340 152
6 335 675 571 632 875 421 397 989 187 278 0 645
6 865 916 798 659 582 59 588 872 804 766 489 416
7 736 812 555 325 596 285 497 286 781 109 699 537 398 117
9 252 604 370 239 798 9 886 249 668 780 639 436 69 396 274 810 451 218
3 908 117 160 427 460 528
8 230 144 130 274 277 988 73 692 513 751 394 438 281 658 90 786
8 1020 468 904 521 95 417 425 418 284 979 360 903 494 1019 134 755
4 846 920 526 369 614 197 241 377
2 663 433 185 789
6 228 173 1008 208 903 1004 998 192 635 544 165 240
4 133 721 39 408 995 316 903 217
10 884 176 712 895 439 777 110 330 769 606 874 605 35 857 759 716 370 968 61 717
9 971 419 22 323 433 562 974 846 749 639 21 569 966 312 395 307 620 256
3 250 639 780 601 193 1009
4 192 544 803 882 559 58 994 866
4 1004 958 851 383 110 318 784 508
6 411 303 581 727 81 341 369 927 368 922 295 655
8 676 445 487 344 353 751 564 170 804 589 432 108 610 960 959 687
6 478 775 570 170 332 957 816 638 707 75 768 1006
6 589 281 342 178 967 612 564 558 50 44 299 843
5 405 1021 949 684 204 1003 849 303 923 17
7 859 214 338 122 686 749 710 816 656 308 743 740 679 438
6 399 498 521 663 476 898 31 130 854 951 325 784
3 203 415 388 562 691 799
2 433 106 844 986
5 437 942 941 909 61 977 734 267 61 812
8 338 365 799 810 915 415 450 94 92 958 808 364 732 1002 201 76
7 623 42 1008 872 91 669 239 11 170 985 457 999 408 518
15 21 971 604 70 962 66 577 386 155 548 550 662 97 739 169 410 762 519 528 243 68 80 103 199 100 692 247 952 875 136
8 110 567 95 810 976 465 604 329 75 912 407 169 643 728 336 44
3 239 1009 212 939 337 797
2 984 839 641 286
5 65 100 358 49 747 473 621 509 487 940
2 52 358 201 520
6 125 176 245 641 111 1006 1004 63 164 599 975 293
2 584 728 615 813
4 764 242 939 669 1021 932 270 795
8 372 535 1016 748 164 937 737 196 946 218 373 57 6 523 843 227
3 1021 72 486 470 134 528
3 204 543 818 154 533 359
2 295 230 31 504
9 307 10 302 395 322 152 912 94 306 502 293 528 905 554 604 70 517 51
5 720 226 312 406 462 829 804 662 709 954
9 867 323 884 333 20 342 316 192 775 241 158 525 566 885 1011 469 575 301
5 204 134 233 611 46 616 1008 303 724 41
6 775 322 989 868 910 766 922 428 514 24 495 284
2 968 344 35 44
3 332 522 654 522 660 310
7 387 660 373 564 934 1002 754 94 296 628 740 266 894 860
7 450 711 867 625 328 11 90 50 241 207 972 242 73 1
3 285 256 526 433 884 95
5 81 1002 396 119 561 564 361 342 840 304
2 907 774 157 900
9 354 843 609 929 602 608 271 863 992 628 220 34 763 690 209 340 39 861
5 332 232 794 33 271 1016 245 745 941 917
5 387 314 834 249 193 521 184 874 697 84
6 617 651 300 437 106 378 804 600 367 150 138 462
12 605 464 849 659 485 97 868 339 676 21 87 134 952 411 660 455 70 91 1004 20 155 709 132 263
7 974 261 323 559 566 498 171 133 778 934 741 221 617 1021
5 566 110 953 663 601 341 325 271 1009 884
4 385 708 705 774 290 566 752 313
4 881 922 606 960 86 585 627 1010
4 416 380 748 26 488 593 22 760
8 738 53 694 50 673 53 524 745 82 476 580 497 880 271 358 592
3 495 787 848 107 266 508
11 823 984 310 85 8 153 501 201 454 320 538 484 774 499 906 541 604 656 727 741 413 833
2 994 555 27 70
9 825 84 760 505 242 100 178 393 394 161 13 478 305 213 499 980 539 785
7 106 337 7 259 241 521 170 194 185 914 621 830 405 81
3 284 610 509 1000 887 727
4 485 641 640 726 166 11 791 774
3 603 613 407 769 934 715
