261
0.5
16000
13 4
256
1 20
1 21
1 22
2 5 23
2 7 45
1 3
2 10 18
2 4 19
1 9
3 8 15 39
3 35 19 6
2 29 31
1 24
1 25
2 26 39
2 9 27
1 44
1 23
2 6 46
3 47 10 7
2 21 0
5 60 1 41 62 20
2 2 42
4 57 3 17 43
3 36 12 49
3 37 13 26
3 14 49 25
3 53 15 39
1 31
2 33 11
1 34
4 35 52 11 28
2 89 52
4 50 39 55 29
2 46 30
3 55 10 31
2 37 24
4 38 25 49 36
2 37 53
5 14 51 33 27 9
1 41
5 42 21 40 82 63
3 43 41 22
3 42 23 63
3 16 47 56
3 57 62 4
5 18 34 56 58 47
4 44 19 46 86
1 49
5 24 48 26 93 37
2 33 94
3 53 39 95
3 55 31 32
5 76 94 27 51 38
1 55
5 35 33 52 91 54
5 84 65 44 59 46
4 23 85 64 45
1 46
2 85 56
3 69 80 21
2 83 81
3 21 82 45
3 43 83 41
2 124 57
5 85 125 71 111 56
2 126 107
3 87 90 106
2 69 120
5 121 60 81 110 68
2 122 71
5 83 110 124 70 65
1 116
1 74
5 73 99 94 113 118
4 117 98 88 119
6 88 112 77 114 53 79
2 76 89
2 79 127
4 91 78 76 102
2 60 81
5 82 80 61 120 69
5 123 83 41 62 81
4 61 63 71 82
3 87 56 85
4 65 57 59 84
2 87 47
3 86 67 84
3 76 115 75
2 77 32
3 126 67 91
3 90 55 79
1 93
3 49 92 94
6 74 93 50 95 53 119
2 94 51
2 172 116
1 98
4 75 97 169 99
7 168 98 175 101 119 186 74
4 191 101 168 112
3 115 100 99
3 79 106 168
2 171 169
4 105 107 177 124
3 167 104 122
5 190 67 102 126 107
7 127 167 66 106 170 178 104
1 160
2 123 161
4 160 111 71 69
3 123 65 110
6 171 115 169 100 76 113
3 74 168 112
3 115 166 76
4 101 112 114 88
2 96 72
2 118 75
3 117 74 119
4 75 118 94 99
2 81 68
1 69
2 105 70
4 125 82 109 111
5 104 167 71 125 64
3 124 123 65
3 66 90 106
2 107 78
4 148 187 188 129
2 128 255
3 150 246 188
2 149 151
3 133 144 184
3 185 134 132
5 184 146 133 173 186
3 187 147 145
3 241 156 180
3 157 181 159
4 153 177 180 158
2 157 141
3 152 165 159
3 139 177 153
2 176 143
5 142 153 246 155 179
2 252 132
3 146 255 135
4 254 147 134 145
4 135 146 255 149
4 149 128 248 151
5 251 148 249 131 147
4 130 154 151 250
4 131 251 148 150
4 244 153 155 140
7 143 176 141 245 138 152 159
4 155 238 246 150
4 247 143 152 154
3 157 229 136
5 158 139 137 156 182
4 159 157 242 138
4 153 158 137 140
4 182 108 180 110
3 109 181 162
2 180 161
2 176 183
2 167 178
3 140 177 179
2 114 167
7 124 166 107 179 164 177 105
6 100 188 169 113 99 102
4 98 103 168 112
3 188 171 107
6 178 189 112 191 103 170
3 184 96 173
2 172 134
1 186
1 99
4 163 142 179 153
6 138 183 167 165 141 104
5 179 171 190 107 164
5 176 178 167 165 143
4 160 162 138 136
3 137 161 182
3 160 181 157
2 177 163
3 132 172 134
1 133
3 134 174 99
2 128 135
6 128 130 189 168 170 191
2 188 171
2 106 178
3 171 188 100
1 212
2 234 213
1 214
1 215
2 199 197
2 196 209
1 202
3 209 222 196
1 201
2 221 200
2 198 203
4 210 202 221 223
2 216 218
1 217
1 207
2 219 206
3 209 235 251
5 197 208 237 199 215
3 203 238 211
1 210
3 234 213 192
3 233 193 212
3 234 194 215
3 214 209 195
2 204 217
3 216 205 218
3 217 204 219
3 207 221 218
2 221 245
6 201 220 219 203 225 244
2 226 199
3 203 246 227
2 227 244
3 245 231 221
2 246 222
2 224 223
1 240
3 156 243 241
1 231
3 244 230 225
1 233
3 232 213 234
5 214 212 233 193 254
2 208 255
2 248 255
1 209
3 250 210 154
1 251
2 228 241
4 242 136 240 229
2 241 158
2 229 245
4 221 152 231 224
4 153 243 220 225
5 143 226 130 223 154
1 155
2 148 236
1 149
2 238 150
4 151 208 239 149
1 144
1 254
3 234 146 253
5 147 129 145 236 235
1000 2032
0
1 10 222
1 88 211
0
0
3 44 126 97 4 194 175
0
1 99 19
1 149 6
0
1 134 117
0
1 219 198
0
0
3 59 48 244 183 152 121
2 79 160 138 42
0
2 211 137 12 115
0
1 143 11
0
0
0
0
0
0
0
1 211 111
0
0
1 52 167
0
1 135 126
1 189 244
0
0
0
0
1 39 228
2 10 58 51 217
0
1 180 122
1 16 1
1 105 249
0
1 173 34
1 15 187
0
1 211 34
1 87 55
0
0
2 195 97 25 231
0
0
0
1 53 148
2 18 121 64 203
1 195 71
0
0
2 45 187 176 28
0
0
2 32 200 164 13
0
0
1 29 70
0
0
0
0
1 185 174
2 26 33 62 178
1 47 151
0
0
0
0
0
0
0
1 130 11
0
1 151 209
0
0
0
2 252 147 120 187
2 254 40 68 167
1 55 92
1 20 68
0
1 141 237
0
0
1 8 213
0
0
1 114 126
0
0
1 229 150
0
1 42 252
0
0
0
1 24 33
1 248 125
0
0
0
0
0
0
1 50 58
0
2 79 133 175 152
1 234 35
0
0
0
0
0
0
0
0
1 50 189
1 94 184
0
0
0
1 156 196
0
1 81 70
1 140 41
0
1 184 61
0
0
0
0
0
0
1 255 27
1 98 237
0
1 243 52
0
0
0
0
0
0
0
0
1 245 136
0
0
0
0
1 88 214
0
0
0
0
1 149 168
0
0
0
0
0
1 199 92
0
0
0
0
3 50 149 110 34 187 57
0
0
0
0
0
0
0
0
0
1 155 45
0
1 15 173
0
0
1 133 6
1 229 28
0
1 63 58
0
1 215 75
1 253 81
0
1 216 255
1 197 252
0
1 160 8
0
0
3 184 243 35 71 40 203
1 50 44
0
0
1 224 67
0
0
1 162 83
1 19 199
0
0
1 236 131
0
0
0
2 114 64 237 136
1 192 152
0
2 163 204 153 51
1 70 183
0
1 169 74
0
0
0
0
0
2 245 41 46 230
0
1 225 138
0
1 246 192
0
1 26 158
0
0
0
2 162 203 199 21
0
1 52 134
0
0
0
1 231 83
0
0
0
0
2 26 65 137 130
1 38 68
1 249 231
0
0
1 51 186
0
0
0
0
0
2 0 78 12 191
0
1 227 101
0
0
1 5 102
0
1 240 239
3 16 111 116 33 209 205
0
1 70 249
1 73 170
0
0
1 228 3
2 62 47 149 103
0
1 58 54
1 220 93
0
0
0
0
0
1 80 150
0
0
0
0
2 51 34 29 197
1 152 234
1 115 102
1 141 43
0
0
0
0
0
2 160 94 143 77
0
0
1 82 176
1 38 83
0
0
0
1 77 164
0
1 224 226
0
1 226 52
0
1 159 206
0
0
0
0
1 115 78
1 19 168
0
0
0
1 214 67
0
0
0
0
1 225 23
0
0
0
0
0
0
0
2 39 153 216 241
0
0
1 250 110
0
0
0
0
0
0
1 115 240
1 216 160
0
1 14 214
2 72 158 118 230
0
1 199 200
0
0
0
0
1 161 3
2 83 120 135 138
0
1 77 148
3 72 254 72 215 3 44
0
0
1 125 153
0
0
0
2 131 213 94 67
0
0
1 70 117
0
1 76 153
0
0
2 212 29 57 198
0
1 153 235
2 37 42 249 213
0
0
2 174 84 126 70
0
0
1 29 242
0
2 8 109 26 112
0
0
0
0
0
0
0
0
0
0
0
0
1 135 74
0
0
2 12 199 6 198
0
2 153 48 44 223
1 175 195
0
0
2 46 247 85 199
1 109 238
0
0
0
1 27 96
0
0
0
0
0
0
1 145 114
1 195 53
0
0
0
1 94 218
0
1 65 193
0
0
1 4 126
1 236 221
1 141 172
0
0
1 60 161
1 171 80
0
1 0 93
0
1 213 69
0
0
1 161 229
0
0
0
0
1 17 195
0
1 236 61
1 153 111
0
0
0
0
1 205 105
0
2 241 53 181 91
0
1 25 189
1 231 71
0
0
0
0
0
1 88 149
0
0
0
0
0
0
1 184 193
0
0
0
2 200 21 5 198
0
2 27 88 121 229
1 176 68
0
2 18 40 250 91
0
1 51 63
0
0
0
1 6 199
1 11 193
1 238 137
0
0
0
1 245 155
0
0
0
0
0
1 100 231
1 55 249
0
1 173 68
0
1 92 143
0
0
0
0
0
0
0
1 157 220
1 212 245
0
4 96 243 191 143 48 54 208 41
0
1 168 187
0
1 142 13
0
0
0
0
1 71 151
0
1 224 199
1 242 84
1 80 220
1 29 224
0
0
1 124 114
0
1 53 90
0
1 152 215
0
0
1 254 153
0
2 253 229 235 247
0
0
0
1 188 203
0
0
0
0
0
1 220 51
0
0
1 171 133
1 63 236
0
0
2 8 62 215 60
0
1 167 206
1 46 48
0
0
0
1 187 118
1 5 164
2 188 73 20 234
0
1 56 2
0
1 28 190
2 91 82 134 10
1 64 25
0
2 17 69 212 251
0
2 228 133 225 14
1 187 250
0
1 195 36
0
0
0
0
0
1 170 29
0
0
0
2 143 75 176 228
0
0
0
1 57 180
2 162 10 2 171
1 227 136
0
1 252 27
1 46 160
0
1 162 242
0
1 131 68
1 78 7
1 226 99
1 13 172
1 49 10
1 75 0
0
0
1 131 119
2 205 31 83 185
0
0
0
0
0
0
1 226 40
1 185 93
0
2 78 222 17 158
0
1 238 62
0
1 11 83
1 160 80
0
0
2 176 146 45 194
0
1 236 77
1 50 73
0
0
0
2 39 43 13 15
1 242 144
0
0
1 172 34
1 65 199
0
1 60 192
1 218 169
0
0
0
1 236 111
0
0
0
0
0
2 51 24 198 81
0
0
0
0
1 18 26
1 5 51
0
0
2 186 117 121 165
2 132 157 85 10
1 223 172
1 64 212
0
0
1 0 215
0
0
0
1 193 247
0
2 85 201 112 216
2 65 205 79 180
2 87 28 153 207
0
1 251 68
0
0
0
1 175 188
0
0
1 216 67
1 219 15
0
1 116 68
0
0
0
0
1 237 226
1 126 65
0
1 229 149
0
0
0
0
0
0
1 168 17
1 35 68
2 102 216 17 9
0
0
1 126 138
0
0
1 95 188
1 235 179
0
1 168 118
1 33 45
3 56 163 105 158 101 97
0
0
0
1 93 143
0
0
0
1 18 109
0
0
0
0
2 232 221 140 64
1 205 139
0
1 132 179
0
0
0
0
0
2 167 117 117 93
2 237 108 201 65
0
2 134 204 19 53
1 214 220
0
1 183 9
0
1 173 50
0
1 39 166
0
0
0
0
0
0
0
0
1 50 175
0
1 23 208
2 24 52 222 113
1 153 114
0
1 35 253
0
0
1 114 184
0
0
0
0
0
0
0
0
2 209 116 2 89
0
0
0
0
0
1 122 98
1 124 251
0
0
1 60 156
0
0
2 98 199 137 47
0
0
0
0
0
1 9 206
0
0
1 205 13
0
0
1 80 10
0
0
0
1 168 149
0
1 213 26
1 219 51
0
2 208 55 184 25
1 162 56
0
0
0
1 194 237
0
0
1 30 44
1 241 96
1 204 150
0
0
1 71 213
0
0
1 12 113
0
0
2 100 128 61 222
1 60 228
2 242 19 134 30
0
2 181 179 53 36
0
0
1 126 175
1 41 15
1 22 76
1 189 19
0
0
0
0
0
2 190 101 145 1
0
1 31 167
1 86 3
1 169 68
0
1 144 79
0
1 172 17
0
0
0
0
0
1 27 34
1 193 102
0
2 232 71 120 2
1 219 174
1 101 167
0
1 150 19
1 129 10
1 108 246
0
0
0
1 89 221
0
0
1 181 193
0
0
0
0
0
0
0
0
1 16 17
0
2 198 32 239 69
0
2 43 85 216 19
0
0
1 1 123
0
1 26 218
1 207 138
0
1 63 89
0
0
0
0
1 216 142
1 207 228
0
1 79 34
0
0
1 185 242
1 150 87
2 42 235 182 37
0
0
0
0
0
0
1 162 70
1 191 14
2 80 135 250 22
1 98 48
0
2 43 149 194 154
2 247 159 161 183
2 88 169 27 208
0
0
0
1 79 2
0
1 159 241
0
1 95 0
1 9 77
0
0
0
0
5 75 199 76 128 190 120 26 199 181 78
1 174 89
0
0
1 230 194
0
2 102 141 87 80
0
1 239 150
0
0
2 169 104 42 212
0
0
1 7 194
0
1 85 25
0
0
2 177 55 4 238
0
0
1 168 247
0
0
1 128 123
0
1 212 156
1 163 78
2 28 86 149 58
0
1 146 197
0
0
0
0
0
1 107 200
0
3 11 197 181 177 35 175
0
0
1 52 158
0
0
0
1 25 228
2 0 162 240 110
0
0
0
0
1 117 241
0
0
0
0
0
0
0
0
0
0
0
0
0
0
0
0
0
0
0
0
0
0
0
0
0
0
0
0
0
0
0
0
0
1 202 174
0
0
0
1 199 30
2 186 10 105 232
1 136 111
0
1 149 153
1 252 192
1 66 28
0
0
0
1 91 133
0
1 29 16
0
0
1 227 115
0
1 86 205
1 220 175
0
2 39 146 185 145
1 245 110
0
0
0
0
0
1 121 128
1 7 134
0
0
1 205 103
2 27 91 207 189
1 54 250
0
0
1 72 107
2 22 99 205 118
0
0
1 2 12
0
2 140 57 205 165
1 217 127
1 243 105
0
4 74 126 215 240 74 115 242 26
1 238 71
2 165 86 195 52
0
1 160 222
0
0
1 68 141
1 200 255
0
1 125 28
1 176 19
0
0
0
0
0
0
0
0
0
1 209 7
0
0
0
0
1 65 115
0
2 131 10 63 59
0
0
0
1 21 162
0
0
0
0
1 93 132
0
0
0
0
0
0
1 196 33
1 26 8
2 69 214 86 212
1 210 181
1 172 131
0
0
0
0
0
1 39 87
0
0
1 113 125
1 115 105
0
1 205 139
0
0
0
0
0
0
0
0
0
1 61 57
0
0
3 87 78 54 90 245 33
1 97 193
0
0
1 97 175
1 141 128
0
0
1 207 68
0
0
0
0
1 192 49
0
2 108 81 59 249
0
0
0
0
0
2 6 128 122 82
0
1 57 141
1 223 50
0
0
1 99 19
1 156 13
0
0
0
0
1 228 91
1 10 53
1 241 28
0
3 169 69 150 167 191 89
2 224 95 156 68
1 203 155
0
0
2 45 109 91 242
0
0
0
1 59 166
2 143 215 227 247
0
0
1 118 180
1 208 118
1 207 172
1 20 103
1 79 5
0
0
0
3 108 225 211 233 210 40
0
0
1 96 115
2 73 114 141 103
0
2 17 7 234 102
2 163 119 112 127
0
1 226 89
0
2 157 218 128 167
1 140 220
0
1 109 19
0
0
1 74 241
1 166 173
2 68 127 91 3
0
2 153 149 101 246
1 163 31
1 43 53
0
0
0
1 218 79
0
1 215 143
0
1 4 109
1 31 140
0
1 11 253
0
0
0
1 74 152
0
1 191 206
1 155 253
2 172 109 242 121
0
1 0 56
0
2 40 241 39 237
0
2 62 132 15 126
0
0
2 196 184 145 41
2 22 107 219 84
0
0
0
0
1 27 125
0
1 37 5
0
1 219 48
1 194 46
1 100 97
0
1 12 227
1 119 159
0
0
0
1 15 161
0
2 106 214 199 194
0
0
2 160 146 150 190
0
0
0
0
0
0
0
0
2 48 203 90 46
0
1 6 179
0
0
0
0
0
1 198 146
0
0
2 21 89 75 199
0
1 198 183
0
1 170 1
0
1 73 232
0
1 86 127
1 243 204
0
0
1 104 60
0
0
0
0
0
0
0
2 38 100 68 44
1 94 214
1 228 65
0
1 48 187
1 136 150
0
0
0
0
1 206 149
1 176 83
1 26 43
0
0
1 57 133
1 2 91
0
0
1 238 54
0
0
0
2 29 142 68 187
1 8 104
0
0
0
1 1 131
0
0
0
1 86 163
1 255 37
1 247 96
0
0
1 65 21
0
1 9 255
0
0
0
0
1 240 56
0
0
1 218 250
1 170 116
0
1 234 210
1 159 112
0
0
0
0
0
0
0
0
1 42 109
1 162 66
0
0
1 202 163
1 154 222
1 117 156
0
0
0
0
0
2 183 63 143 233
1 87 140
1 63 67
0
2 131 97 38 106
1 191 9
0
2 48 241 58 223
0
0
0
0
1 219 38
0
1 176 5
1 213 148
0
0
1 53 87
1 11 182
0
0
2 251 167 129 96
1 228 38
0
0
0
1 216 124
0
0
0
0
0
1 219 191
0
0
0
0
0
0
0
2 147 59 95 32
0
0
0
2 145 100 4 166
0
1 200 59
0
1 253 60
1 74 77
0
1 43 209
0
0
1 219 6
0
2 74 16 229 161
0
0
0
0
0
1 205 164
0
2 105 139 74 177
0
0
0
0
1 182 168
0
0
1 176 49
0
0
0
1 129 158
0
1 27 209
1 222 182
0
0
0
0
0
1 92 187
0
1 155 62
0
0
1 195 194
0
0
0
0
0
0
1 192 168
0
0
0
1 206 66
1 158 135
0
1 87 75
1 177 250
0
0
3 210 110 204 221 175 25
0
0
0
1 103 190
1 71 221
0
1 144 222
0
0
0
0
0
2 73 83 196 226
1 95 186
1 186 125
0
0
2 168 243 216 27
0
0
0
0
0
1 143 98
0
1 83 94
1 45 34
1 140 76
0
1 225 164
2 92 75 208 248
0
0
1 231 12
1 240 94
1 48 162
0
0
0
1 172 51
1 155 62
0
0
1 45 1
0
1 109 144
0
0
0
2 63 70 105 110
1 101 11
1 129 60
0
0
0
0
2 121 17 19 215
1 115 225
1 236 237
0
0
0
2 32 104 67 130
0
1 77 151
0
0
1 149 199
1 29 35
0
0
0
0
0
1 172 164
0
2 36 121 64 230
0
0
0
0
0
0
1 189 105
0
1 30 116
0
0
1 73 7
0
0
0
2 205 116 49 166
0
0
1 77 249
1 122 112
0
0
0
1 226 118
0
0
0
1 153 105
1 20 49
2 104 118 103 104
1 226 203
1 234 81
1 218 215
1 43 115
1 112 5
1 183 90
0
0
1 57 120
0
0
0
1 118 134
1 156 127
2 168 6 73 238
0
0
0
1 148 30
0
1 110 95
0
1 93 159
0
1 75 198
1 229 249
3 252 127 114 181 209 252
1 14 226
0
0
1 34 206
0
0
0
0
0
0
1 222 38
1 210 226
0
1 65 189
0
1 89 122
0
0
1 34 177
0
0
1 74 82
2 22 101 252 151
0
1 192 215
2 205 168 204 249
1 205 243
0
1 135 3
0
1 159 163
0
0
1 179 66
0
0
0
1 53 105
0
0
0
1 225 248
0
0
1 18 78
1 169 203
0
2 113 95 135 106
1 16 77
1 114 125
0
0
0
1 169 4
0
1 85 185
0
1 233 255
2 224 211 186 193
1 73 173
1 230 94
1 49 80
0
1 55 199
0
0
0
1 59 170
0
2 208 5 219 47
0
0
0
1 239 21
1 55 13
0
1 177 220
2 92 70 136 81
0
0
1 34 102
0
1 201 162
1 26 120
2 31 138 189 92
0
1 37 218
3 65 230 243 32 180 23
0
0
0
0
0
2 252 90 40 61
0
0
1 22 62
1 181 123
1 182 117
0
2 212 154 153 234
0
0
0
0
1 160 129
0
0
3 64 243 123 28 53 145
1 254 110
0
1 155 118
0
0
1 77 186
2 47 193 120 97
1 255 166
1 61 248
0
0
0
0
0
0
1 242 66
0
0
0
0
0
0
0
0
2 136 255 206 139
0
1 191 198
0
1 127 245
0
0
0
0
2 55 193 65 247
1 202 236
1 117 42
0
2 170 140 53 47
0
0
0
0
0
0
0
1 203 216
0
2 236 146 22 145
0
0
0
0
0
0
1 12 189
1 158 151
0
0
1 113 0
1 212 14
2 181 61 220 159
1 5 13
1 44 34
0
1 183 249
0
0
1 145 133
0
0
0
2 226 139 233 175
1 251 11
1 228 103
0
1 23 140
0
2 170 138 72 249
0
0
0
1 77 186
1 203 35
1 72 136
2 217 130 30 95
0
0
0
0
1 96 204
0
0
1 176 87
2 207 139 199 238
0
1 94 71
0
0
0
2 149 84 199 24
0
1 200 90
0
1 47 158
0
0
0
2 178 253 93 8
2 158 17 147 161
0
1 12 188
1 139 87
0
0
1 233 153
0
1 47 98
0
0
2 234 204 195 111
0
1 66 93
1 247 55
0
0
1 135 88
0
0
2 153 230 77 154
0
0
2 204 211 24 151
1 20 220
0
2 233 163 164 103
0
1 218 13
0
2 211 236 180 235
0
1 249 185
0
0
2 20 244 113 47
0
0
0
1 23 231
0
0
0
0
0
0
1 137 3
0
0
1 139 102
0
1 174 233
0
0
1 205 219
0
1 62 184
1 151 56
0
1 83 113
1 101 76
0
0
0
1 162 128
0
1 191 72
1 99 187
0
0
0
0
0
0
1 39 167
1 71 224
0
1 184 76
2 128 23 20 156
1 112 151
0
0
0
2 71 144 34 51
0
0
0
0
1 214 204
1 189 254
1 14 32
0
1 219 81
1 40 235
0
1 33 215
1 46 16
1 227 101
0
0
2 54 219 116 10
0
0
0
0
0
0
1 135 229
1 225 53
0
1 115 185
0
0
0
0
1 30 113
1 221 239
0
0
1 127 219
0
1 210 19
1 61 162
1 10 147
1 220 234
0
0
0
1 15 239
0
0
0
0
1 114 148
0
0
0
0
1 104 118
2 77 125 13 120
1 111 63
0
1 218 233
0
1 182 39
0
0
1 33 242
2 204 254 84 208
0
0
1 255 205
0
1 75 66
0
0
1 237 74
0
0
1 212 138
2 205 15 44 62
1 143 77
0
2 53 150 45 25
0
0
2 133 182 123 158
0
0
1 50 252
