1029
0.5
10000
13 1
1024
5 381 220 315 119 312
2 2 220
1 1
1 43
1 7
1 45
3 10 7 119
2 6 4
1 11
1 15
1 6
4 8 119 32 91
1 14
1 14
3 12 13 119
4 33 119 39 9
1 57
1 57
1 57
1 57
1 93
1 57
1 57
1 57
3 72 96 58
1 58
2 27 50
2 58 26
1 31
1 52
1 76
2 28 53
2 35 11
2 89 15
1 46
1 32
1 93
2 93 38
1 37
1 15
1 81
6 81 83 43 82 220 42
1 41
2 3 41
1 45
3 44 47 5
4 90 119 166 34
7 124 85 87 45 220 167 127
1 72
1 72
1 26
1 58
2 53 29
4 77 58 52 31
1 55
2 54 76
1 57
17 18 107 56 23 71 16 17 64 21 105 22 70 111 19 62 59 65
8 99 51 24 27 25 53 194 76
1 57
1 108
1 108
2 57 63
1 62
1 57
1 57
1 67
2 66 179
1 108
1 108
1 57
1 57
3 49 24 48
1 97
1 75
2 99 74
6 103 30 78 58 100 55
1 53
1 76
1 103
1 81
3 80 41 40
1 41
1 41
1 85
2 84 47
1 90
1 47
1 113
1 33
3 46 86 114
1 11
2 93 116
7 37 92 36 118 172 94 20
1 93
1 113
1 24
2 73 99
1 99
11 187 186 146 147 75 97 98 189 101 58 185
2 188 76
1 99
1 151
2 79 76
2 176 179
1 57
1 179
3 57 194 179
12 156 109 157 172 60 68 181 110 182 69 61 158
1 108
1 108
1 57
3 168 115 113
7 119 95 175 128 88 131 112
1 90
1 112
1 92
1 173
1 93
7 15 11 46 113 6 0 14
1 161
1 122
3 138 162 121
1 138
1 47
1 138
1 166
1 47
1 113
1 249
1 331
2 113 171
2 253 133
1 132
1 253
1 255
1 220
1 241
15 245 163 139 143 164 243 165 122 161 123 125 241 220 140 141
1 138
2 138 244
1 138
1 331
1 138
2 145 345
1 144
1 99
2 99 235
1 236
1 151
1 238
9 149 239 238 236 199 190 198 191 102
1 153
2 152 179
2 179 155
1 154
1 108
1 108
1 108
1 179
1 161
3 138 120 160
1 122
1 138
1 138
1 138
3 170 46 126
1 47
1 112
1 175
1 166
1 131
3 93 108 194
2 253 117
1 253
2 113 169
1 104
1 179
1 179
10 159 153 106 67 177 104 107 183 178 154
1 181
2 180 108
1 108
1 179
1 381
1 99
1 99
1 99
1 100
1 99
1 151
1 151
2 345 193
1 192
7 107 58 172 381 299 203 198
1 347
1 197
4 198 237 348 196
10 269 194 265 345 370 268 151 197 291 267
1 151
1 336
2 225 336
4 203 350 227 338
3 336 202 194
3 212 340 228
1 212
1 212
1 336
1 331
1 249
1 331
1 331
6 230 206 205 214 204 229
2 215 214
6 253 332 212 518 213 357
1 213
4 321 312 320 240
1 241
1 219
2 323 218
8 47 365 136 138 0 323 41 1
2 325 323
2 223 331
1 222
1 336
1 201
1 238
1 202
1 204
1 212
1 212
1 336
1 345
1 345
1 345
1 147
2 151 148
1 197
3 151 150 226
1 151
1 216
3 138 217 137
1 243
2 138 242
1 140
1 138
2 331 247
1 246
1 249
4 331 248 209 129
1 331
1 331
1 253
7 173 252 214 174 255 132 134
1 255
3 253 135 254
4 257 297 296 299
1 256
1 259
4 258 299 298 379
1 284
1 262
2 302 261
1 302
1 288
4 504 198 289 288
1 290
1 198
3 292 198 372
1 198
1 374
3 299 351 374
4 360 274 273 312
2 272 361
1 272
2 365 363
1 365
1 365
1 307
1 365
3 355 283 352
8 455 305 518 286 352 307 331 308
1 307
1 280
3 308 285 260
1 284
3 281 359 287
1 286
2 265 264
1 265
2 291 266
2 290 198
2 295 268
1 509
1 298
1 292
1 256
1 256
2 259 294
13 471 419 256 511 259 507 474 509 391 302 271 194 466
2 308 500
1 302
9 382 299 502 342 301 303 263 503 262
1 302
1 307
2 311 281
1 307
8 488 491 318 278 281 304 282 306
4 300 281 309 284
1 308
1 311
2 305 310
5 216 433 481 0 272
1 481
1 483
3 0 483 411
2 483 319
1 483
2 307 486
1 316
1 216
1 216
1 362
4 221 219 362 220
1 365
1 221
2 331 327
1 326
1 331
1 352
1 331
15 246 330 208 210 249 222 251 281 142 366 250 130 328 211 326
2 214 341
1 357
2 358 357
1 357
11 377 231 339 201 203 337 207 224 200 376 343
1 336
1 202
1 336
1 204
1 332
1 302
1 336
3 368 369 345
7 234 192 344 198 233 232 144
1 370
3 370 349 195
1 197
1 347
1 202
1 271
3 329 281 280
1 359
1 366
1 280
2 357 380
5 333 335 214 356 334
1 334
2 286 353
1 272
1 273
2 323 322
1 275
1 365
7 275 277 276 220 279 324 364
3 331 354 367
1 366
1 344
1 344
4 371 347 346 198
1 370
2 268 373
1 372
4 375 271 270 378
1 374
1 336
1 336
1 374
1 259
1 356
5 194 794 0 518 184
2 302 383
1 382
1 466
1 466
1 466
1 466
1 391
1 391
1 430
9 430 388 428 667 671 692 299 389 668
2 419 656
1 473
1 395
2 394 419
6 405 660 653 652 399 445
3 661 399 398
2 662 397
10 744 397 518 658 396 696 473 477 421 750
2 403 672
1 672
2 414 451
1 400
1 405
2 404 396
3 407 455 446
1 406
1 433
1 641
1 642
11 645 683 725 681 721 685 642 435 684 643 315
1 436
1 645
1 402
2 436 439
1 419
1 423
1 419
6 416 299 392 475 395 418
1 476
2 422 399
1 421
3 479 417 473
1 466
1 466
1 466
1 466
2 431 391
2 469 509
2 390 391
1 428
1 433
11 434 640 432 641 458 312 720 408 456 457 680
1 433
2 437 411
6 415 460 484 412 644 487
1 435
1 450
1 415
1 451
1 455
1 450
1 451
1 452
1 396
1 406
1 455
1 451
1 455
5 490 462 438 451 442
6 448 440 487 450 443 402
3 492 477 444
2 455 493
1 455
9 495 281 441 447 494 453 454 406 449
1 433
1 433
2 459 433
1 458
3 436 461 463
1 460
1 450
1 460
1 466
1 466
17 666 424 664 425 505 299 465 506 384 387 426 665 386 464 427 467 385
1 466
1 508
1 429
1 474
1 299
1 473
6 497 393 472 496 423 399
3 299 499 470
1 419
2 477 420
5 452 501 476 399 478
1 477
1 423
1 481
3 313 480 312
1 483
6 316 314 315 317 482 485
1 436
1 483
1 318
3 436 518 451
1 307
1 495
1 450
1 307
1 452
1 453
1 455
2 455 489
1 473
1 473
1 499
2 474 498
1 300
1 477
1 302
1 302
1 265
1 466
1 466
1 299
2 509 468
4 429 293 508 299
1 511
2 299 510
1 513
2 555 512
1 526
1 555
1 540
1 558
13 994 399 735 768 281 686 623 214 381 938 487 766 805
1 558
2 625 521
1 520
1 626
1 625
1 548
1 526
19 548 764 595 967 514 527 634 766 966 606 550 970 525 631 549 765 604 551 594
1 526
5 736 569 623 688 712
1 569
1 531
2 530 620
1 533
2 620 532
2 622 535
1 534
9 561 585 609 611 587 623 543 539 537
1 536
2 563 562
1 536
3 612 613 516
1 613
1 613
1 536
1 625
1 625
1 625
1 549
2 524 526
2 547 526
1 526
1 526
1 553
2 552 752
2 555 755
7 635 633 513 515 554 632 766
2 756 748
1 558
9 759 519 559 639 735 638 557 758 517
1 558
1 561
2 560 536
1 538
3 623 538 746
1 748
1 748
1 750
1 750
1 736
2 528 529
2 738 741
1 741
1 741
1 741
1 743
1 743
2 1008 616
2 617 1008
1 579
2 578 580
9 623 583 989 581 1012 1013 579 988 987
1 580
1 990
1 580
1 587
1 536
1 622
3 536 584 979
1 596
1 590
2 589 613
1 1023
1 593
3 969 998 592
1 526
1 526
6 588 597 735 637 636 1020
1 596
1 973
1 998
4 1003 624 601 960
1 600
1 625
2 963 625
3 628 526 607
1 625
2 630 526
1 604
1 609
2 608 536
1 622
1 536
1 540
7 615 542 735 590 541 540 981
1 615
2 613 614
1 576
1 577
1 619
3 621 618 620
4 533 531 619 623
1 619
6 586 610 623 990 534 978
9 536 743 580 518 528 622 620 563 741
1 600
16 760 626 627 763 545 544 629 602 1003 605 762 523 603 761 546 520
2 625 522
1 625
1 604
1 625
1 606
1 526
1 555
1 555
1 526
1 555
1 596
1 596
1 558
1 558
1 433
2 433 409
3 410 682 411
1 411
1 436
2 411 413
1 650
1 687
1 672
1 673
2 672 646
1 675
1 396
1 396
2 672 655
1 654
1 392
1 697
5 698 694 659 399 706
1 658
1 396
2 701 397
1 398
1 703
1 466
1 466
1 466
2 391 669
1 391
1 667
1 694
1 391
10 400 650 728 648 673 675 735 401 654 674
4 672 679 729 649
1 672
3 731 672 651
3 700 732 748
2 678 757
1 677
1 673
1 433
1 411
1 642
1 411
1 411
1 411
1 518
2 754 647
1 528
1 741
1 741
1 741
1 391
1 741
3 658 695 670
1 694
3 399 697 703
2 657 696
2 658 699
1 698
1 676
1 661
1 750
2 663 696
1 744
1 744
1 658
1 744
1 709
2 708 748
1 750
1 750
1 528
2 737 741
1 741
1 717
2 741 740
2 741 715
1 743
1 743
1 433
1 411
1 762
1 725
1 754
2 411 723
2 730 754
1 754
1 672
1 673
1 726
1 675
1 676
1 757
1 758
8 596 748 752 558 757 613 518 672
2 568 528
1 713
1 570
1 741
1 716
14 691 717 573 689 571 623 739 570 690 714 713 572 716 693
1 743
6 574 623 718 742 719 575
6 747 399 707 745 704 705
1 744
1 563
1 744
7 735 564 709 676 565 556 749
1 748
7 710 702 566 711 751 567 399
1 750
3 735 753 553
1 752
6 767 726 727 766 724 687
1 554
1 556
3 677 733 735
2 734 558
1 558
1 625
1 625
2 625 722
1 625
1 526
1 526
4 754 518 526 555
1 754
8 1008 771 769 888 518 810 929 890
1 768
1 810
1 768
3 938 774 775
1 813
1 772
1 772
1 781
1 781
1 779
2 894 778
2 781 788
7 782 777 776 805 807 780 783
1 781
1 781
1 846
1 825
1 846
1 846
1 780
1 829
1 830
4 879 829 794 877
1 842
1 842
4 844 1003 791 381
1 797
2 844 799
2 795 844
1 846
1 796
2 803 894
1 857
1 814
1 800
2 860 805
4 518 885 781 804
1 862
1 781
1 848
1 810
6 850 851 768 811 809 770
1 810
1 852
2 852 773
2 894 802
1 852
1 842
1 842
1 842
2 821 843
1 823
1 819
2 846 826
2 846 820
1 825
3 824 785 879
1 822
1 846
1 829
4 830 828 791 789
2 829 790
1 879
1 833
2 832 879
1 846
1 875
1 876
1 877
1 878
1 879
2 842 841
1 840
9 816 864 840 793 866 844 817 792 818
4 869 819 845 844
7 842 843 796 797 794 846 870
1 843
9 844 823 834 798 787 786 822 784 827
1 871
2 808 888
1 889
1 810
1 810
8 892 893 813 815 812 938 853 855
1 852
2 894 858
1 852
1 857
3 885 801 856
1 854
1 883
1 804
1 885
2 806 885
1 885
1 842
1 866
2 865 842
1 869
1 870
3 867 843 957
12 918 871 874 868 875 1006 958 946 923 844 959 1007
2 847 870
1 873
2 879 872
1 870
3 870 835 947
2 836 877
4 876 948 791 837
3 838 879 950
10 944 833 839 791 945 951 825 873 878 831
1 894
1 885
1 883
3 859 894 882
1 940
10 857 887 862 805 861 900 942 881 863 940
1 942
1 885
3 848 768 889
2 849 888
3 931 768 891
1 890
1 852
1 852
9 814 854 899 880 779 939 800 883 938
1 935
1 1023
1 1023
1 935
1 894
1 885
1 1021
1 1023
1 1023
3 928 905 1008
1 904
1 930
1 929
1 932
1 935
1 935
1 935
2 913 1001
1 912
1 954
1 917
1 955
2 955 915
1 870
1 1007
1 927
1 993
1 923
2 922 870
2 998 996
2 949 998
1 927
9 993 926 994 995 968 992 971 920 999
1 904
4 1011 768 907 930
2 929 906
1 890
2 908 935
1 935
1 935
11 932 910 909 1018 895 911 898 938 934 933 1015
1 1023
1 1023
6 894 852 1023 772 935 518
1 894
3 941 885 884
1 940
2 886 885
1 1023
1 879
1 879
1 870
1 875
1 877
1 925
1 878
1 879
1 1001
1 954
3 955 953 914
8 1003 954 964 917 1005 956 916 1004
1 955
1 869
1 870
1 870
1 600
1 1001
1 1002
1 603
1 955
1 1005
1 526
1 526
1 927
1 593
1 526
1 927
1 1020
2 994 598
1 998
1 998
1 1023
1 1017
1 622
1 587
1 1020
1 613
1 1023
1 1023
1 1008
1 1008
1 1008
1 580
1 580
1 580
4 991 1014 622 582
1 990
1 927
2 927 921
4 927 518 998 973
1 927
1 924
1 998
8 997 974 994 925 924 975 593 599
1 927
1 1001
6 1000 952 912 1002 961 1003
2 1001 962
5 625 794 600 1001 955
1 955
2 965 955
1 870
2 870 919
9 576 984 768 577 986 985 1009 904 1010
1 1008
1 1008
1 929
1 580
1 580
1 990
1 935
1 1023
2 1023 977
1 935
1 1023
3 980 596 972
2 1023 901
1 1023
17 937 943 982 936 1016 1021 902 896 903 976 1017 1019 983 1022 938 591 897
1000 2020
1 126 756
0
1 492 164
2 897 235 196 802
1 109 682
0
0
1 947 644
1 850 270
0
1 646 629
0
0
0
1 820 997
0
0
1 10 420
0
0
0
0
0
0
1 659 89
0
1 639 48
0
0
0
0
0
0
0
2 378 690 319 593
2 244 811 380 865
1 354 792
0
0
0
1 413 340
0
1 918 319
1 33 651
0
1 732 953
2 351 872 941 546
0
0
1 723 290
0
2 325 66 919 33
0
2 195 865 180 560
0
1 20 928
0
1 565 148
0
0
1 492 189
1 242 951
0
0
1 957 571
1 789 701
0
1 301 962
1 815 115
1 589 201
2 117 867 264 724
0
0
2 953 174 458 867
0
2 97 614 559 919
4 103 808 574 49 651 522 200 363
0
0
0
0
1 230 322
0
0
0
1 18 547
0
0
1 155 355
0
1 254 40
0
0
0
1 444 348
1 111 129
0
3 489 153 154 228 848 40
0
0
0
1 350 617
0
0
0
2 961 608 413 540
0
0
1 1005 129
1 510 490
0
0
1 821 928
0
0
0
0
1 88 905
0
1 943 152
1 547 1000
4 244 376 607 475 468 139 560 912
0
1 131 54
0
0
0
1 731 684
0
0
0
1 695 603
1 559 38
0
0
0
0
0
0
0
0
0
0
0
0
1 980 958
0
0
1 832 347
0
0
0
0
1 1004 54
0
0
0
0
0
0
0
0
0
0
0
0
0
0
2 731 193 325 976
2 344 963 678 44
0
2 145 165 872 7
1 849 186
0
0
0
1 44 19
0
0
0
2 40 762 35 449
1 818 373
0
0
0
1 274 390
0
0
0
0
0
1 708 324
0
0
0
2 688 137 997 28
0
0
1 48 80
0
1 867 462
2 601 361 816 89
1 868 562
3 87 49 965 1020 221 254
1 457 755
1 977 181
0
0
0
0
0
0
1 778 458
0
0
1 562 258
0
0
0
3 294 124 437 566 492 387
0
0
2 260 106 679 34
4 629 225 882 64 248 761 531 947
0
0
1 722 647
2 922 644 70 695
1 550 225
1 169 74
0
0
1 865 460
1 247 195
1 350 963
2 154 963 919 677
1 663 958
2 225 777 225 906
1 491 409
0
0
1 773 952
1 612 827
1 705 669
1 854 54
0
0
1 562 68
0
1 327 115
0
0
0
1 149 913
0
1 137 211
0
1 802 185
0
0
0
0
0
0
0
1 86 135
0
0
0
1 646 913
0
1 616 822
1 717 225
0
0
0
2 101 977 86 702
0
0
0
0
1 708 188
1 133 103
1 115 195
0
0
0
0
2 368 422 630 917
1 836 534
2 4 541 608 7
0
0
1 237 486
0
0
2 920 235 29 709
0
0
0
0
1 195 459
1 700 13
0
0
2 723 883 928 94
2 409 778 374 901
0
0
1 642 882
2 801 520 498 126
2 337 413 884 39
1 663 823
1 193 401
2 383 903 417 819
0
0
2 738 820 850 824
1 322 847
0
0
2 684 79 516 171
1 78 947
3 660 437 789 969 322 66
1 838 619
0
0
0
1 354 1004
0
0
3 409 887 45 535 242 856
1 862 116
2 737 947 150 124
1 737 279
0
0
0
0
0
1 416 438
0
0
0
0
1 85 730
0
1 116 811
2 826 939 547 277
1 914 971
1 222 152
0
1 353 387
0
0
0
0
0
0
0
0
0
0
2 626 394 950 759
0
1 270 997
0
1 89 384
0
1 245 349
1 916 614
1 369 937
0
0
1 986 195
0
0
0
0
0
0
0
0
0
1 145 972
1 249 469
2 167 969 447 180
0
1 438 499
2 1002 319 910 919
0
0
1 459 572
0
3 445 217 459 817 723 918
0
0
0
0
1 482 905
0
2 137 977 872 697
1 325 707
0
1 824 65
0
2 629 285 950 775
0
0
0
0
3 40 205 409 48 168 425
0
1 356 270
0
0
0
0
1 468 1021
3 758 369 227 283 244 657
0
0
0
2 459 499 337 826
0
0
1 546 150
1 145 114
0
0
1 55 310
1 1012 847
0
0
1 905 395
1 821 403
0
0
1 706 867
0
0
2 285 160 157 89
1 442 666
0
0
2 1007 235 390 775
0
1 503 670
0
0
0
0
1 824 177
0
0
1 490 120
2 987 50 350 729
0
0
0
1 612 818
0
0
0
3 915 988 373 931 375 803
0
0
0
0
0
0
0
0
1 784 756
1 965 491
0
1 679 154
0
0
0
1 180 34
0
0
0
0
2 50 652 254 408
0
1 566 66
1 327 427
1 823 367
0
0
1 226 246
0
0
4 410 747 678 147 135 321 116 556
1 1004 180
0
0
0
1 965 1010
0
0
1 3 97
0
1 437 402
0
0
0
0
0
2 349 1013 685 836
0
0
0
0
0
1 389 5
0
1 369 724
0
0
0
1 635 155
0
0
0
1 712 195
0
0
0
1 571 437
0
0
0
0
1 950 28
0
0
0
0
0
0
1 22 651
0
0
0
0
0
1 980 171
0
0
1 464 802
4 173 824 23 228 5 565 17 244
0
0
0
1 373 848
1 778 389
1 701 35
0
0
0
1 928 361
1 553 669
0
0
0
0
0
0
0
1 963 333
1 793 662
0
0
1 700 841
0
1 243 353
0
1 957 367
2 921 847 85 808
1 616 456
1 485 695
0
0
0
0
0
0
0
0
1 719 148
0
0
0
1 462 503
1 12 129
1 35 872
3 85 152 944 996 953 590
0
0
0
0
1 770 171
0
0
0
1 55 115
1 131 979
0
0
0
1 282 160
0
0
0
0
0
0
0
0
2 295 355 847 564
0
0
1 836 273
2 244 440 292 965
0
2 266 130 965 376
0
0
3 387 353 785 670 154 403
1 679 760
0
0
1 384 493
0
0
0
0
0
2 983 148 490 945
0
0
0
0
1 910 522
0
0
0
0
0
2 158 310 490 457
0
1 462 22
1 941 459
0
0
0
0
0
1 420 55
0
2 951 188 819 651
1 663 104
0
0
0
0
0
0
3 922 493 860 682 226 704
2 341 459 489 301
1 661 40
0
1 325 944
0
0
0
1 337 129
0
0
0
2 847 97 351 906
1 126 758
0
0
1 855 28
1 223 950
0
1 124 621
0
0
0
2 200 617 913 618
0
0
0
1 779 114
1 628 68
0
2 605 941 727 114
0
1 180 940
1 490 65
1 146 695
0
1 416 872
1 150 7
0
0
0
0
0
0
1 120 154
2 187 808 570 170
0
2 802 322 209 725
0
0
0
0
1 640 701
1 980 139
0
0
3 873 414 101 353 858 219
0
1 832 176
0
1 349 911
0
1 574 171
0
0
0
0
0
0
1 84 800
0
0
0
0
2 462 288 378 10
2 711 838 385 980
0
1 375 989
1 963 684
0
1 909 266
1 947 371
1 266 131
0
0
1 891 38
0
0
1 855 155
0
2 610 682 906 386
0
1 547 126
0
0
0
0
0
0
1 343 663
0
0
0
1 233 949
0
1 822 977
1 647 416
0
0
0
0
0
0
0
0
0
0
1 560 385
1 629 235
0
2 317 847 144 223
1 146 459
0
1 893 865
1 410 109
0
1 947 464
0
0
0
1 334 363
1 963 439
0
0
0
1 664 209
1 264 855
0
2 363 464 837 849
0
0
0
0
1 374 80
1 415 867
0
0
0
0
0
1 453 390
0
1 692 901
0
1 919 725
0
2 657 110 535 316
0
0
0
0
1 361 968
0
0
0
0
2 945 647 630 668
0
1 373 329
1 115 663
2 847 646 207 414
3 740 104 168 460 500 360
2 437 691 438 169
2 516 52 273 616
1 979 109
1 126 687
0
0
0
0
1 192 617
2 264 358 160 389
1 180 799
0
1 833 729
1 500 126
1 656 716
1 239 80
0
0
1 656 591
1 921 785
0
1 77 162
0
0
0
1 849 418
0
1 125 802
0
2 120 258 645 254
1 38 13
0
1 701 180
0
1 129 266
1 777 913
0
0
0
0
0
0
1 437 705
1 266 688
0
0
0
0
0
0
0
0
2 189 858 152 479
0
0
0
0
0
0
1 878 882
1 217 690
0
0
0
0
1 540 242
0
2 933 80 778 68
1 3 898
0
1 296 486
0
0
0
0
0
2 512 834 847 337
0
1 59 732
0
0
0
0
2 353 224 86 270
2 703 270 274 953
2 724 195 80 647
1 898 521
0
1 450 922
0
2 344 169 503 1014
0
1 409 287
1 129 153
1 901 692
0
0
0
1 426 722
0
0
0
0
2 223 388 123 618
1 645 530
2 174 89 886 163
0
0
0
0
1 40 350
0
1 751 150
1 953 66
0
0
1 218 609
1 326 437
1 185 493
1 342 578
0
0
0
0
0
0
0
1 962 103
1 965 278
0
0
0
1 380 158
1 321 905
2 616 105 361 728
1 403 378
0
0
0
0
0
1 327 816
3 175 655 70 120 325 673
2 730 395 699 785
1 908 418
0
0
2 947 423 915 29
0
1 260 470
1 581 270
0
0
1 588 785
0
0
1 808 159
0
0
0
0
0
0
0
0
0
0
0
0
0
0
0
0
0
0
0
0
0
0
0
1 578 79
2 120 612 340 601
1 225 909
2 298 552 826 82
0
0
0
1 60 715
0
0
0
1 388 996
0
0
0
0
1 319 553
0
0
1 760 808
0
0
1 420 372
1 738 962
0
0
1 431 125
1 669 647
1 839 529
0
1 54 318
0
0
0
0
0
1 835 992
1 290 826
1 72 363
1 175 468
0
0
1 28 170
1 826 661
0
0
0
1 867 96
0
0
1 261 520
0
1 601 114
1 915 995
0
2 489 667 871 74
0
1 578 233
0
0
0
0
0
0
0
0
1 417 54
1 977 127
0
1 73 135
0
0
0
1 858 379
3 264 837 65 115 442 464
0
2 355 72 264 902
1 204 962
0
1 280 950
0
1 602 261
0
0
0
0
0
0
1 780 820
2 611 838 642 254
0
0
1 150 44
0
2 150 410 854 468
1 722 949
0
0
1 155 1010
1 836 593
1 947 561
0
0
0
1 410 859
1 67 358
0
0
1 371 785
1 972 641
0
1 484 193
0
0
0
0
0
1 670 369
1 720 547
0
1 925 155
0
1 647 457
0
1 236 835
0
0
1 692 223
0
0
0
1 734 8
0
1 680 438
0
0
0
0
1 418 322
2 457 872 826 898
1 763 547
0
2 820 435 369 639
0
0
2 876 778 582 38
0
2 70 170 103 785
0
1 39 50
1 905 520
0
0
0
0
0
2 914 729 490 383
0
0
1 456 656
0
1 260 21
0
0
0
0
1 566 126
0
0
2 282 914 55 354
1 240 847
1 630 692
0
0
1 380 66
0
0
3 908 161 629 773 515 217
0
1 450 656
0
1 38 566
0
1 841 882
1 248 2
0
1 991 69
0
0
1 953 12
1 49 542
1 369 420
0
1 738 957
0
1 723 695
0
0
2 43 294 1002 882
0
1 234 820
1 701 67
0
0
0
1 616 428
0
1 778 167
0
0
1 521 510
2 723 1018 663 126
1 188 380
0
0
1 170 496
0
0
1 338 913
0
1 643 824
2 780 266 584 394
0
1 270 880
1 737 105
0
1 3 117
0
1 369 276
0
1 694 656
0
0
0
0
0
0
1 247 67
0
1 838 967
0
0
0
0
0
0
0
1 160 802
2 865 737 838 631
0
2 63 765 266 434
0
0
0
0
1 116 12
0
0
0
1 283 1004
1 482 522
0
0
2 120 990 373 321
2 443 5 916 66
0
0
0
0
0
0
0
0
0
1 176 141
0
0
1 176 546
1 816 708
0
1 699 945
1 287 295
0
0
3 328 368 361 833 813 121
0
1 368 3
0
0
0
1 379 821
0
0
0
0
0
1 740 321
0
0
2 89 335 105 120
1 826 807
0
0
0
0
0
0
0
1 207 621
1 731 98
1 628 275
1 710 150
0
1 512 789
0
0
0
0
0
0
0
1 962 512
2 170 626 977 818
0
0
0
0
1 710 5
0
0
0
1 968 963
1 101 947
0
0
0
2 821 13 156 808
1 207 589
0
0
0
0
1 963 573
0
0
2 691 950 616 226
2 950 881 970 838
0
0
0
0
0
0
2 953 262 700 720
0
0
1 181 679
0
0
0
1 117 156
0
0
0
0
0
0
0
1 1005 137
1 66 341
0
1 762 5
0
1 48 753
1 875 738
0
0
0
1 438 118
0
0
1 981 148
3 410 951 66 1010 322 710
0
0
0
1 126 100
0
2 934 44 452 188
1 248 162
1 37 738
0
0
0
1 811 656
1 394 915
2 858 821 89 157
1 991 160
2 734 351 435 977
1 547 1002
0
0
0
0
1 688 378
0
3 787 996 327 325 199 162
1 254 464
0
1 941 799
0
0
0
1 63 616
1 498 486
0
1 684 669
0
0
0
0
0
0
0
0
0
0
2 999 170 823 730
0
0
1 135 293
0
0
0
1 906 261
0
1 822 621
1 192 856
0
1 425 801
0
3 836 593 603 651 723 366
0
1 439 430
0
1 737 369
0
0
1 924 270
0
0
0
1 74 782
0
2 839 628 155 574
0
0
1 782 369
1 168 354
1 646 109
1 383 1021
0
1 294 775
0
1 192 168
0
0
0
1 974 322
1 63 827
0
0
0
0
0
1 209 242
0
0
0
0
0
1 845 28
0
0
2 317 285 89 207
1 836 896
0
0
2 721 63 841 851
0
0
2 266 651 966 953
3 78 248 841 83 719 394
0
0
0
1 437 923
0
0
0
0
0
2 712 195 325 425
0
0
2 453 669 459 880
1 373 448
1 512 379
0
1 948 655
0
2 139 442 492 427
1 232 788
0
0
0
1 363 649
1 469 86
0
1 447 242
0
1 101 913
3 55 738 225 629 694 3
1 917 135
0
0
0
0
1 559 669
0
1 270 413
1 270 169
2 387 773 218 931
2 863 115 699 409
2 254 26 492 237
0
0
0
0
1 731 239
1 682 338
1 126 905
0
1 114 901
0
0
0
0
0
2 868 73 858 521
1 965 385
0
2 40 831 505 957
0
0
0
0
0
1 522 335
2 160 606 701 105
1 573 963
0
0
0
0
0
0
1 534 176
0
1 643 266
0
1 500 238
0
0
1 832 812
0
1 482 886
0
3 66 714 803 395 237 949
0
1 62 824
1 788 817
1 104 630
1 738 459
1 1002 849
0
0
0
1 439 90
0
0
1 83 906
0
2 376 444 310 876
0
1 118 646
2 953 367 726 322
0
1 899 195
0
1 348 120
0
0
0
0
0
0
0
0
0
0
2 361 556 486 183
0
3 80 674 669 855 295 892
1 552 342
0
1 295 720
1 489 296
2 5 234 965 48
0
1 193 868
1 81 592
3 84 104 321 155 738 221
0
0
0
0
0
1 28 1004
0
0
1 74 82
2 5 176 790 724
1 601 695
0
0
0
1 1002 394
3 35 980 845 582 54 140
1 706 832
0
0
0
0
0
0
1 39 223
0
2 361 237 934 162
0
0
0
2 33 180 826 756
1 544 592
0
0
1 820 606
1 647 106
1 607 469
1 33 670
0
0
0
1 835 498
0
0
0
0
0
1 133 945
1 729 176
0
0
0
1 5 584
0
0
1 908 150
0
1 908 762
1 97 516
2 941 114 915 145
0
0
1 143 349
0
0
0
1 627 420
0
1 233 908
0
0
1 282 120
0
0
0
1 390 821
0
0
2 279 858 785 31
0
0
2 479 946 404 523
1 115 655
1 755 63
0
1 949 123
0
0
1 153 490
0
0
0
1 127 607
0
0
0
1 832 1011
0
1 631 319
3 155 630 219 678 821 1012
0
1 495 217
0
1 380 232
1 150 821
1 729 431
2 646 90 891 294
0
0
0
0
0
1 417 485
2 687 322 961 859
0
0
1 969 945
0
0
0
0
0
0
0
1 121 909
0
0
1 298 162
0
0
1 30 403
1 416 701
0
1 63 830
2 19 516 170 652
0
0
1 947 163
1 567 54
1 586 413
1 656 358
0
0
0
1 278 913
1 369 437
0
0
0
0
1 442 243
0
0
2 266 333 881 150
0
0
2 162 859 670 680
1 35 974
0
2 868 969 824 374
0
0
2 404 22 932 913
1 652 413
0
0
1 35 200
1 135 923
1 489 175
1 37 319
0
1 708 819
1 535 140
0
1 584 761
0
0
1 463 409
0
0
1 4 985
0
0
0
0
0
1 296 228
0
0
0
1 207 651
0
0
1 506 740
1 767 378
1 914 889
0
1 1006 225
0
1 264 659
0
0
0
0
1 965 208
0
0
2 969 45 12 444
1 651 343
1 264 627
0
0
0
1 880 44
0
0
2 319 726 4 660
0
0
1 867 667
1 217 230
0
0
0
0
1 333 410
0
0
1 826 896
0
0
0
0
0
0
2 723 1004 953 82
1 925 722
0
0
0
3 20 500 348 950 616 303
1 963 204
0
1 701 87
1 378 1009
0
2 261 168 79 585
2 339 310 135 429
0
0
1 242 969
0
0
0
2 139 358 993 35
1 654 963
0
0
0
0
0
0
0
0
1 292 905
0
1 319 282
0
0
0
1 688 469
3 700 523 427 882 522 937
1 303 847
0
0
0
0
1 160 1011
1 121 235
0
1 361 505
0
0
2 532 668 640 535
1 355 274
0
1 261 330
0
0
0
0
1 498 645
0
0
1 918 295
0
2 657 378 476 160
0
1 552 235
2 657 183 982 867
1 617 480
1 826 612
0
1 177 438
1 621 137
0
0
0
2 72 582 295 906
0
0
0
1 957 690
1 162 897
1 884 176
0
0
0
0
1 651 18
0
0
1 89 134
1 957 371
1 407 189
1 738 876
0
2 649 185 162 541
1 266 403
0
1 464 361
0
0
0
0
2 506 824 859 30
1 218 540
2 125 176 606 459
0
0
0
1 756 961
0
0
0
1 437 132
0
0
1 260 155
0
0
0
1 383 652
0
0
0
1 961 755
1 223 275
0
0
1 155 709
0
0
0
0
0
0
0
0
0
0
1 645 950
0
0
1 116 435
