261
0.5
46000
46 4
256
2 20 1
2 21 0
2 3 22
2 23 2
2 16 5
2 4 17
3 7 19 18
3 16 6 19
3 28 9 31
3 28 29 8
2 11 30
2 10 31
2 24 13
2 25 12
2 15 26
2 14 27
3 7 19 4
2 45 5
3 6 46 34
3 6 7 16
2 40 0
2 22 1
2 21 2
2 43 3
2 36 12
3 13 26 36
3 14 25 37
2 39 15
3 8 9 31
2 9 33
2 34 10
3 8 28 11
2 52 33
2 32 29
3 35 18 30
2 34 55
3 37 24 25
4 49 36 48 26
2 50 39
3 53 38 27
2 41 20
2 61 40
2 43 62
2 42 23
2 56 45
2 44 17
2 18 47
2 46 59
3 92 37 49
2 48 37
2 38 51
2 50 53
2 53 32
3 51 52 39
2 55 90
2 54 35
2 44 57
2 63 56
2 59 86
2 58 47
2 80 61
2 41 60
2 63 42
2 62 57
2 65 124
3 124 85 64
2 67 86
2 87 66
2 69 80
2 81 68
2 71 122
3 82 70 83
2 73 92
2 72 93
2 118 75
2 95 74
2 77 112
3 95 76 89
2 79 90
3 112 91 78
2 60 68
2 69 82
3 71 81 83
2 82 71
2 87 85
2 65 84
2 66 58
2 84 67
2 91 89
2 88 77
2 78 54
2 79 88
2 48 72
2 94 73
2 95 93
3 75 77 94
2 116 172
2 117 98
2 97 99
2 98 119
2 103 101
4 113 100 168 119
3 126 106 114
3 168 115 100
3 167 105 107
3 163 125 104
2 126 102
2 104 127
2 120 160
2 121 110
2 111 109
2 123 110
3 76 113 79
2 112 101
2 102 115
2 103 114
2 117 96
2 97 116
2 119 74
3 118 99 101
2 121 108
2 109 120
2 70 123
2 122 111
3 64 125 65
2 124 105
3 106 102 127
2 126 107
3 189 129 188
3 147 128 149
2 150 131
2 130 151
3 185 133 144
2 145 132
2 186 135
3 149 134 147
2 156 137
2 136 157
2 139 182
2 159 138
2 141 176
2 140 153
2 143 154
3 142 154 155
2 132 252
2 146 133
2 147 145
3 146 129 135
2 151 149
3 135 129 148
2 250 130
2 148 131
2 153 155
2 152 141
4 246 143 142 247
2 143 152
2 240 136
2 137 158
2 159 157
2 139 158
2 180 108
2 162 181
2 161 163
3 183 162 105
2 165 167
2 177 164
2 178 170
4 164 179 104 176
5 169 171 103 101 189
2 189 168
2 190 166
3 190 168 191
2 96 184
3 186 185 174
2 173 175
2 174 187
3 167 140 177
2 176 165
2 179 166
2 178 167
2 181 160
2 161 180
2 183 138
2 163 182
2 185 172
3 184 132 173
3 187 173 134
2 175 186
2 189 128
4 128 168 188 169
3 171 170 191
2 190 171
2 193 212
2 213 192
2 195 214
2 215 194
2 197 208
2 196 209
2 210 199
2 211 198
2 220 201
2 200 221
2 222 203
2 223 202
2 216 205
3 217 216 204
2 218 207
2 206 219
2 196 211
2 197 237
2 238 198
2 208 199
2 232 192
2 193 214
2 194 213
2 195 235
3 205 204 228
2 205 218
2 206 217
2 231 207
2 223 200
2 225 201
2 202 226
2 203 220
3 244 247 225
2 221 224
2 222 227
2 247 226
2 216 229
2 228 241
2 231 242
2 219 230
2 233 212
2 253 232
2 235 254
2 215 234
2 248 237
2 236 209
2 210 239
2 251 238
2 241 156
2 229 240
2 243 230
2 242 245
2 245 224
2 244 243
2 247 154
4 154 227 246 224
2 249 236
2 255 248
2 150 251
2 250 239
2 253 144
2 252 233
2 255 234
2 249 254
1000 2092
2 143 140 143 128
0
0
1 49 64
0
0
0
1 139 76
0
1 254 140
1 147 140
0
0
0
0
1 40 64
0
0
1 102 140
0
0
0
0
0
1 73 64
0
0
0
3 235 128 37 128 25 76
1 248 128
2 201 128 195 64
1 52 128
0
0
0
0
0
0
0
0
0
2 51 76 79 128
0
1 13 140
1 138 76
1 192 140
1 165 76
0
1 175 76
0
1 153 76
1 69 140
0
0
0
0
0
1 161 140
2 216 128 213 140
0
0
1 242 128
2 118 64 45 128
0
0
1 188 64
0
2 9 140 220 64
0
0
1 152 64
0
0
0
1 215 128
0
1 213 76
1 224 76
0
2 132 64 206 140
1 66 76
0
0
0
0
1 112 140
0
1 205 128
0
0
2 124 140 254 64
2 208 64 29 64
1 1 76
0
1 188 64
1 185 64
0
1 233 76
0
0
1 105 128
0
0
2 111 140 154 128
1 239 140
0
1 15 128
0
0
0
0
0
2 172 128 195 64
1 28 140
0
0
1 13 76
1 79 64
1 69 128
1 61 76
0
1 95 128
1 85 140
1 159 140
0
0
1 250 64
1 170 64
0
1 11 140
1 94 64
0
1 34 64
0
0
0
0
0
1 239 140
0
0
0
2 97 140 239 140
0
0
1 190 140
0
0
2 228 140 137 128
2 243 128 243 64
0
0
1 162 140
0
0
0
0
1 69 64
0
1 163 140
0
0
2 159 64 110 128
0
0
0
0
1 70 76
0
1 166 64
0
0
0
0
0
0
0
0
1 151 128
0
0
0
0
0
1 92 140
0
0
1 139 128
0
1 175 76
1 175 128
0
0
0
0
2 92 64 127 64
2 225 64 149 64
0
0
1 48 128
0
0
0
0
2 201 128 51 140
1 209 76
0
0
0
0
0
0
0
0
0
1 209 140
1 19 128
0
0
1 181 140
0
1 130 64
0
2 17 64 67 140
0
2 57 128 254 128
0
1 70 128
1 9 128
0
0
0
0
2 47 128 247 128
0
0
0
0
2 70 128 87 76
1 246 64
0
0
0
0
0
0
0
0
0
1 160 64
2 132 128 114 128
1 231 128
0
0
0
0
0
0
0
1 141 76
0
1 89 64
0
0
0
0
1 164 140
0
0
0
0
0
1 216 64
0
1 14 128
1 126 76
0
0
0
0
0
1 85 76
2 5 76 203 64
1 115 128
1 177 76
1 198 140
1 187 140
0
0
1 107 64
2 115 128 30 76
0
1 99 64
0
1 108 140
2 215 64 83 128
2 45 140 29 76
2 146 128 117 128
1 125 140
1 3 128
0
0
1 122 140
1 201 128
0
1 50 64
0
2 231 76 215 76
0
1 112 128
1 33 64
1 150 128
0
0
1 38 128
1 30 76
1 153 128
1 82 76
0
0
0
0
1 88 128
2 62 76 15 128
1 10 128
1 19 64
0
1 61 140
0
1 214 128
0
1 157 140
1 126 140
3 184 140 248 140 210 128
0
1 35 76
0
0
1 245 128
2 109 140 244 128
1 117 140
0
1 196 140
2 220 128 60 76
0
0
0
1 116 128
0
0
0
1 179 140
0
0
0
2 8 128 11 128
2 58 64 118 140
2 24 140 148 128
0
1 110 140
1 115 140
1 222 76
0
1 182 128
2 80 76 26 140
0
0
1 72 128
0
0
0
0
0
0
0
1 239 64
1 45 76
0
1 233 128
0
1 243 140
0
2 82 76 178 76
0
0
0
1 185 76
0
0
0
0
0
0
3 26 64 8 76 77 140
1 25 64
0
2 166 128 127 76
0
1 223 140
1 148 128
0
1 104 76
0
1 249 140
1 237 128
2 139 64 158 76
0
0
0
0
0
1 46 64
0
1 255 64
1 61 128
1 14 128
0
0
1 21 64
0
0
0
0
1 34 76
0
1 108 128
0
0
0
0
0
1 168 64
0
1 143 140
0
0
0
0
0
1 246 64
0
1 29 64
1 88 64
1 123 140
0
3 0 76 222 140 202 128
0
1 228 128
0
0
0
0
0
2 57 128 149 76
2 17 64 187 128
0
1 6 140
2 6 128 236 76
0
1 155 76
1 100 140
0
0
0
0
1 110 76
1 16 64
0
0
0
1 217 64
0
0
0
1 117 140
1 63 140
0
0
2 11 64 97 76
0
0
1 214 76
0
0
1 77 128
1 254 64
0
1 206 128
1 71 128
0
0
1 249 140
2 194 140 230 128
1 195 76
0
1 116 64
0
1 247 140
1 63 64
0
2 62 140 153 64
0
0
0
1 190 64
1 138 64
0
0
0
0
0
0
1 213 128
1 166 76
0
0
0
0
1 191 76
0
1 90 76
1 145 128
1 46 64
0
0
1 10 140
1 138 76
1 112 64
0
0
0
1 195 76
0
0
0
0
1 242 64
0
1 102 76
0
0
0
0
0
0
1 152 128
0
0
0
1 139 64
0
0
0
1 153 76
1 215 140
1 72 140
0
0
0
0
0
1 24 128
0
1 249 128
2 106 76 183 128
1 140 64
0
0
1 199 76
0
1 204 64
0
1 58 76
0
0
1 5 64
0
0
0
2 215 64 21 140
1 28 140
0
1 65 140
0
2 17 76 71 64
2 106 64 126 140
1 185 76
0
1 193 140
0
0
2 35 140 118 64
0
1 148 64
0
0
0
1 225 128
0
3 186 64 176 64 2 76
0
0
1 201 76
1 57 64
1 178 76
1 210 76
1 17 76
0
0
1 79 64
1 144 64
0
0
1 172 64
0
1 13 64
0
1 75 64
0
1 118 64
0
1 205 128
0
0
1 25 64
1 64 140
1 36 76
1 173 64
1 10 140
0
1 195 128
1 186 128
0
0
1 247 128
1 219 76
0
0
0
0
0
0
0
0
0
0
3 171 64 142 140 39 128
1 242 64
0
0
1 108 140
0
1 33 140
0
0
0
0
0
1 191 128
0
0
0
1 156 140
1 51 128
2 162 76 51 64
0
1 129 76
0
1 206 76
0
1 5 128
1 174 64
0
3 164 76 210 76 97 76
2 157 64 132 76
0
1 222 76
0
0
0
0
0
0
1 139 64
0
2 112 64 239 140
0
0
1 192 64
0
0
1 38 128
0
1 94 64
0
0
0
1 105 140
0
0
2 219 128 147 64
0
0
1 111 140
0
1 103 128
0
0
1 241 76
0
0
0
0
0
1 65 140
1 178 76
1 58 140
0
0
1 18 140
0
0
0
0
2 207 128 1 64
0
0
1 90 128
0
2 17 140 104 76
0
0
0
0
1 170 64
0
0
0
0
0
0
1 205 128
2 190 64 16 128
1 91 76
0
0
1 100 76
0
0
0
1 236 76
2 120 140 118 128
1 134 64
1 231 76
0
0
0
0
0
0
0
0
0
0
1 203 128
0
0
0
2 171 140 240 64
1 111 128
0
1 239 128
1 44 128
1 104 76
0
0
0
2 224 76 54 128
0
0
1 221 140
1 255 76
0
0
0
0
0
2 28 64 187 64
1 65 140
0
1 27 140
1 12 140
0
0
0
1 169 76
0
1 72 140
0
0
0
0
0
0
1 55 64
2 232 128 223 76
1 120 64
0
0
0
1 161 140
0
0
0
0
2 19 140 126 76
1 190 64
1 182 128
1 141 76
0
1 162 64
0
1 238 64
0
0
0
2 230 76 241 64
2 102 64 172 64
1 30 64
1 202 64
0
0
0
0
1 6 140
0
1 68 64
1 118 64
0
0
2 215 64 60 64
0
0
0
0
0
0
0
1 185 64
0
2 120 128 111 128
1 99 76
0
0
0
0
0
1 171 64
0
0
0
1 127 76
1 184 76
1 172 76
0
0
0
1 20 76
0
0
2 195 140 125 140
0
2 16 64 120 140
2 210 128 219 140
0
1 103 64
1 162 140
0
1 51 64
1 117 128
0
0
0
2 98 128 220 64
2 122 64 169 140
0
0
0
0
0
0
0
0
1 123 140
0
0
0
0
1 144 76
0
1 26 76
0
1 110 140
0
0
0
1 63 76
1 91 76
1 153 128
0
1 19 128
0
1 136 76
0
0
0
0
1 219 64
0
0
0
1 168 64
0
1 10 128
0
0
0
1 221 64
0
0
0
0
1 141 64
0
0
2 233 140 153 128
1 187 128
0
1 87 140
1 253 76
0
1 24 128
1 13 64
0
0
0
0
0
0
1 248 128
1 237 128
2 165 128 230 140
1 45 128
2 144 64 139 76
1 51 64
0
0
0
1 245 140
1 218 76
1 197 140
1 110 64
0
0
0
2 238 128 107 76
1 60 64
1 236 64
1 158 76
2 172 76 8 64
0
1 42 140
0
0
0
1 163 140
0
0
0
0
0
1 64 128
0
0
0
1 23 64
3 181 76 35 128 187 76
0
0
1 66 76
1 147 76
0
1 25 140
1 235 128
0
0
0
3 250 140 111 64 134 64
0
0
0
0
0
0
0
0
0
0
0
0
0
0
0
0
0
0
0
0
0
0
0
0
0
0
0
0
0
0
0
0
0
0
0
0
0
0
0
0
0
0
0
0
0
0
0
0
0
0
0
0
0
0
0
0
0
0
0
0
0
0
0
0
0
0
0
0
0
0
0
0
0
0
0
0
0
0
0
0
0
0
0
0
0
0
0
0
0
0
0
0
0
0
1 234 64
0
0
1 136 76
0
0
1 42 64
1 132 140
0
1 216 64
0
1 26 128
1 249 140
0
1 199 140
0
0
0
1 101 128
0
1 87 140
3 93 128 35 76 142 140
1 92 128
0
0
2 164 64 3 76
0
0
0
0
0
0
1 199 76
1 7 140
0
0
0
2 207 76 213 76
1 210 140
1 222 64
1 254 64
1 93 140
0
1 47 140
0
1 72 128
0
0
0
0
1 99 64
1 194 76
0
3 146 76 125 76 3 128
1 165 140
0
2 52 140 246 140
0
0
1 142 140
1 29 64
0
1 189 64
0
0
0
1 199 128
1 42 76
0
0
0
0
0
0
0
1 121 140
0
0
0
1 213 140
0
1 132 64
1 24 140
0
0
0
1 40 64
0
3 232 128 192 76 200 76
1 107 128
0
0
2 114 64 197 140
0
0
0
0
0
0
0
1 250 64
0
1 68 76
0
0
1 220 128
0
0
1 140 76
0
0
0
1 204 76
0
0
0
1 221 140
0
0
1 30 76
1 148 76
1 118 140
1 249 64
0
0
0
0
0
2 76 64 17 128
2 254 76 101 76
0
1 204 128
0
0
0
1 139 64
2 84 64 235 140
1 71 128
0
0
0
0
0
0
0
1 52 128
1 192 128
0
1 70 140
2 32 64 46 76
0
0
0
0
0
0
0
0
0
0
0
0
2 97 128 169 76
0
1 4 76
0
2 141 64 96 76
0
1 68 128
1 54 140
1 109 76
1 143 128
1 71 64
0
1 45 64
0
0
1 11 76
0
0
1 3 76
1 146 64
1 2 140
0
0
0
0
1 166 140
1 247 128
0
0
0
1 200 128
0
1 221 140
0
0
1 12 76
1 198 128
1 184 76
2 34 140 94 76
1 68 128
1 195 128
1 165 140
0
3 81 128 65 128 189 64
0
0
0
0
1 10 128
0
0
2 5 76 250 76
1 31 64
3 9 140 76 140 96 128
1 133 128
0
0
2 77 128 66 140
1 48 140
3 32 128 74 128 251 140
1 220 128
1 117 128
0
1 71 140
0
0
0
0
2 27 140 27 140
1 120 76
1 87 140
2 223 76 8 64
1 2 128
2 182 64 105 140
0
0
0
1 212 128
1 132 64
0
0
0
0
0
0
1 115 140
1 45 76
1 251 140
1 249 76
2 204 128 157 76
0
2 10 140 237 128
0
0
0
0
0
1 66 140
0
1 48 76
0
0
0
0
0
2 65 128 242 140
0
1 68 128
1 216 140
0
0
1 194 140
1 127 76
0
0
2 249 128 115 128
0
0
2 133 64 246 140
0
0
0
0
0
2 132 128 14 64
1 72 64
0
0
0
3 162 64 70 128 151 64
1 201 140
2 79 128 206 128
0
1 134 128
1 206 128
0
2 145 140 94 140
0
0
1 48 128
0
0
1 241 64
1 39 128
1 241 140
0
0
0
0
0
1 57 76
0
0
1 146 64
2 205 64 0 76
0
2 31 64 73 140
0
1 85 140
0
0
0
0
1 157 128
0
1 146 76
0
0
0
2 183 128 97 76
0
0
1 18 76
0
0
0
0
0
0
1 33 140
0
0
0
2 170 64 241 128
1 77 140
0
0
1 49 140
0
1 33 128
0
0
2 64 128 33 128
0
0
1 93 128
0
0
0
1 140 76
1 125 128
0
2 224 140 59 128
0
0
2 70 76 22 76
0
0
0
0
0
1 38 140
0
2 182 140 35 64
0
3 223 64 154 140 198 76
0
1 237 76
0
0
0
1 176 76
0
1 154 128
0
0
1 183 140
1 226 128
1 158 140
1 213 128
1 1 128
0
0
0
0
1 57 128
0
0
0
1 179 76
0
0
0
0
0
0
0
1 199 140
1 95 64
1 241 140
1 173 128
1 74 76
1 16 128
1 143 128
0
0
1 19 76
0
1 129 64
0
0
0
3 234 76 101 128 53 64
2 176 128 131 76
0
1 193 76
0
0
1 55 140
0
1 205 64
1 81 128
0
0
0
0
0
2 76 140 7 64
0
1 87 64
0
0
2 4 128 236 64
0
1 109 128
0
0
0
0
0
0
0
2 249 140 19 140
0
0
1 129 76
1 45 64
2 46 64 102 140
3 61 128 19 64 236 140
0
0
1 156 64
0
0
0
1 192 64
2 6 140 105 76
0
0
1 120 140
1 63 128
0
1 94 64
1 98 64
2 184 64 66 64
0
0
0
1 144 76
1 78 76
0
0
2 42 76 194 64
1 15 128
0
1 186 140
1 34 76
0
0
0
1 130 128
1 57 76
2 250 76 111 140
1 93 128
0
1 108 64
1 19 64
0
0
0
1 134 76
0
0
2 42 64 143 64
1 40 76
0
1 5 140
0
0
0
0
2 115 64 158 64
1 25 140
1 166 128
1 23 128
0
0
0
0
0
0
0
0
0
0
0
0
1 210 140
0
2 80 140 64 128
1 208 64
0
0
2 59 128 58 76
1 148 76
1 94 76
0
1 25 128
0
1 32 64
0
0
1 130 128
1 68 128
0
0
0
0
2 25 128 28 140
0
0
0
0
0
0
0
0
0
0
0
1 91 64
0
1 30 64
1 79 128
0
2 117 140 141 76
1 81 128
1 215 76
0
0
0
1 80 64
0
1 184 128
0
0
1 254 128
2 202 140 52 64
0
0
1 172 128
0
0
1 226 128
1 226 128
0
1 24 64
0
1 46 128
1 228 76
1 148 76
0
0
1 113 128
3 120 64 120 140 93 76
0
1 111 64
0
0
1 117 64
0
0
1 251 64
0
1 110 128
0
0
0
2 36 140 222 128
1 177 128
3 209 64 238 128 252 128
2 248 140 248 140
1 206 64
2 145 76 147 76
0
2 221 128 40 140
0
0
1 117 76
0
0
0
0
2 167 64 226 76
0
0
0
0
0
0
0
0
1 133 140
0
3 42 64 123 140 166 64
0
1 2 64
0
0
1 54 64
0
1 8 64
0
1 180 140
0
0
1 33 140
1 11 76
0
2 166 140 194 128
0
0
0
0
0
1 18 140
2 47 128 78 64
0
0
0
0
0
1 209 128
0
0
0
1 70 64
0
0
1 128 76
2 180 64 73 76
0
0
0
0
0
0
0
0
0
3 33 128 166 128 208 76
0
0
1 99 140
0
1 38 64
0
0
0
0
0
1 87 140
0
0
1 26 64
1 80 140
0
0
1 180 128
1 238 64
0
1 59 64
1 175 76
2 230 76 21 140
1 144 128
0
0
2 121 64 22 140
3 26 140 26 76 133 76
1 119 140
1 56 76
1 138 140
0
0
0
0
2 57 64 21 76
1 87 76
2 147 76 194 64
0
0
1 101 140
0
0
0
1 115 64
1 10 76
0
1 151 76
0
0
0
0
0
0
1 3 76
0
0
0
2 57 128 201 76
0
1 28 76
0
0
1 136 128
0
0
0
1 127 76
1 161 140
0
0
0
0
0
0
0
1 170 64
0
1 130 140
3 62 128 214 64 179 128
0
1 41 64
0
0
0
0
1 146 140
0
1 240 128
0
0
0
2 255 140 50 76
1 103 64
0
0
1 128 64
1 78 128
1 162 128
0
2 5 76 191 140
0
1 144 76
2 183 76 228 64
0
1 13 64
0
1 209 140
0
0
1 91 128
0
1 228 128
1 204 64
0
0
1 118 76
0
0
0
0
3 87 140 138 128 27 128
1 102 64
0
0
1 14 140
0
0
2 42 76 122 64
1 190 128
0
1 177 128
1 28 128
1 94 76
1 94 128
2 80 140 16 128
0
1 154 76
0
0
0
1 204 128
0
1 53 76
1 170 64
0
0
1 46 128
0
0
0
1 73 140
0
0
1 0 76
0
1 127 64
0
0
0
1 23 64
2 247 128 137 140
0
0
1 167 76
1 183 64
0
0
0
0
0
0
0
0
0
1 201 128
0
0
0
0
0
3 96 64 158 76 15 64
1 172 76
0
0
0
0
2 64 128 50 128
0
0
0
0
1 133 64
0
1 54 64
0
2 126 76 139 140
2 143 140 142 128
2 102 76 174 76
0
0
1 25 128
0
1 243 128
0
0
1 11 140
3 228 128 231 64 139 140
0
0
0
0
0
1 202 76
0
1 105 140
2 168 140 162 128
0
1 102 76
1 199 128
0
0
0
0
1 202 128
0
1 219 76
1 72 140
1 78 76
0
0
0
1 177 128
1 242 76
1 249 76
0
1 150 128
0
1 67 64
0
0
0
0
1 58 76
0
0
0
0
0
0
1 39 140
0
0
0
1 82 76
0
1 110 140
0
0
0
0
0
0
0
0
0
0
1 69 64
0
0
0
0
1 255 64
1 53 76
1 70 76
1 229 140
0
0
0
0
0
0
0
0
1 199 76
1 13 64
1 5 64
1 111 128
0
1 218 76
1 125 140
1 182 128
0
0
0
0
0
0
0
0
1 75 140
0
0
1 23 140
0
0
0
0
0
1 80 128
0
0
0
1 68 140
0
0
2 65 76 234 76
