261
0.5
46000
46 15
256
2 20 1
2 0 21
2 3 22
2 2 23
2 16 5
2 4 17
3 19 7 18
3 19 16 6
3 9 28 31
3 8 28 29
2 30 11
2 31 10
2 24 13
2 12 25
2 26 15
2 27 14
3 4 7 19
2 45 5
3 34 6 46
3 7 6 16
2 40 0
2 22 1
2 2 21
2 3 43
2 36 12
3 36 26 13
3 37 25 14
2 39 15
3 8 9 31
2 33 9
2 10 34
3 28 8 11
2 52 33
2 32 29
3 35 30 18
2 34 55
3 25 37 24
4 48 49 36 26
2 39 50
3 27 38 53
2 41 20
2 61 40
2 62 43
2 42 23
2 56 45
2 44 17
2 18 47
2 59 46
3 92 37 49
2 37 48
2 51 38
2 50 53
2 53 32
3 51 52 39
2 55 90
2 54 35
2 57 44
2 63 56
2 59 86
2 47 58
2 80 61
2 60 41
2 63 42
2 62 57
2 65 124
3 85 124 64
2 67 86
2 87 66
2 80 69
2 68 81
2 71 122
3 70 83 82
2 92 73
2 72 93
2 118 75
2 95 74
2 77 112
3 95 89 76
2 79 90
3 91 112 78
2 60 68
2 69 82
3 83 71 81
2 71 82
2 85 87
2 84 65
2 58 66
2 67 84
2 91 89
2 88 77
2 54 78
2 88 79
2 48 72
2 73 94
2 95 93
3 77 94 75
2 172 116
2 98 117
2 99 97
2 119 98
2 101 103
4 100 119 168 113
3 114 106 126
3 100 115 168
3 167 105 107
3 104 125 163
2 102 126
2 127 104
2 120 160
2 110 121
2 111 109
2 123 110
3 76 79 113
2 112 101
2 115 102
2 103 114
2 117 96
2 116 97
2 119 74
3 118 101 99
2 108 121
2 120 109
2 123 70
2 122 111
3 64 125 65
2 124 105
3 106 127 102
2 126 107
3 189 188 129
3 147 149 128
2 150 131
2 151 130
3 133 185 144
2 132 145
2 135 186
3 134 149 147
2 137 156
2 136 157
2 182 139
2 159 138
2 176 141
2 140 153
2 154 143
3 142 155 154
2 252 132
2 146 133
2 147 145
3 146 129 135
2 151 149
3 129 135 148
2 250 130
2 148 131
2 155 153
2 141 152
4 142 143 246 247
2 143 152
2 240 136
2 158 137
2 159 157
2 139 158
2 108 180
2 162 181
2 163 161
3 183 105 162
2 167 165
2 164 177
2 170 178
4 164 104 179 176
5 189 103 101 169 171
2 168 189
2 190 166
3 190 191 168
2 96 184
3 174 185 186
2 175 173
2 174 187
3 167 177 140
2 176 165
2 166 179
2 167 178
2 181 160
2 161 180
2 183 138
2 163 182
2 172 185
3 184 173 132
3 134 173 187
2 175 186
2 128 189
4 188 128 168 169
3 191 170 171
2 171 190
2 193 212
2 213 192
2 195 214
2 194 215
2 208 197
2 209 196
2 210 199
2 211 198
2 201 220
2 221 200
2 222 203
2 202 223
2 216 205
3 204 216 217
2 207 218
2 219 206
2 196 211
2 237 197
2 238 198
2 199 208
2 192 232
2 214 193
2 213 194
2 235 195
3 205 228 204
2 218 205
2 217 206
2 231 207
2 200 223
2 225 201
2 202 226
2 203 220
3 244 247 225
2 221 224
2 222 227
2 226 247
2 216 229
2 228 241
2 231 242
2 230 219
2 212 233
2 232 253
2 235 254
2 215 234
2 237 248
2 236 209
2 210 239
2 238 251
2 241 156
2 229 240
2 230 243
2 242 245
2 224 245
2 244 243
2 247 154
4 154 227 224 246
2 249 236
2 255 248
2 150 251
2 250 239
2 253 144
2 233 252
2 255 234
2 249 254
1000 2092
2 76 42 128 227
2 64 0 140 222
1 128 145
0
0
1 140 175
0
1 128 177
0
1 64 160
0
2 76 160 140 132
1 140 239
0
1 128 29
1 64 121
0
2 140 164 140 182
0
0
0
0
1 140 248
0
0
1 140 1
0
0
1 128 111
2 76 154 128 113
1 64 33
2 140 183 128 28
0
0
0
0
0
1 140 73
0
0
1 128 46
0
0
1 76 63
2 140 2 76 249
0
0
0
0
0
1 76 149
0
0
1 76 231
1 128 193
0
0
0
0
0
1 76 199
0
1 64 28
0
1 76 204
1 128 238
0
0
1 76 70
0
0
0
0
1 76 205
1 128 223
0
1 76 1
0
0
0
0
1 140 103
1 140 20
0
0
0
0
0
0
1 140 240
0
1 140 201
0
0
0
2 76 60 64 130
0
0
1 76 237
0
2 128 60 140 126
0
1 64 5
1 76 175
2 64 132 128 178
0
0
1 64 105
1 76 228
0
1 64 231
0
0
0
0
3 140 52 76 191 128 59
0
0
0
2 128 152 128 133
0
0
0
0
0
0
0
0
0
0
1 64 239
0
0
0
0
0
1 64 178
0
0
1 64 61
0
0
0
0
0
0
0
0
0
0
1 64 90
1 140 188
0
0
0
0
0
1 76 194
2 140 15 140 182
1 76 10
1 64 132
1 140 199
2 64 3 128 196
0
0
0
0
1 140 226
1 76 208
0
0
0
0
1 128 88
0
1 76 241
2 140 59 128 15
1 64 236
1 128 127
1 128 57
0
0
0
0
0
0
1 140 117
0
0
1 128 1
2 64 183 64 216
0
0
1 76 68
0
1 76 28
0
0
0
0
0
0
0
1 76 252
0
1 76 181
0
0
0
2 128 204 128 216
0
0
0
0
0
1 140 83
0
0
0
1 76 181
0
0
1 64 112
1 140 237
1 64 241
0
3 128 167 128 204 76 51
0
0
1 76 74
1 64 234
0
0
0
0
2 128 165 140 195
1 128 190
1 140 86
0
0
2 140 103 76 124
0
0
0
0
0
0
0
0
0
1 140 203
1 128 136
0
0
1 140 231
1 76 151
2 140 65 76 130
2 140 84 140 68
1 76 231
0
1 64 22
1 140 40
0
0
0
1 76 139
0
1 76 240
0
0
1 76 93
0
0
0
0
1 64 111
0
0
1 76 170
0
1 64 122
0
1 140 47
0
0
1 64 93
0
0
0
0
1 140 33
0
1 128 59
0
1 76 210
3 128 227 76 164 140 105
0
1 64 234
3 76 139 64 58 64 71
0
0
0
1 140 2
2 76 153 128 27
0
1 128 77
2 76 211 140 28
2 128 37 128 237
0
0
0
1 64 195
0
0
0
1 64 15
1 140 54
3 140 36 64 106 64 109
0
1 128 206
0
0
0
1 140 66
1 128 78
0
0
0
0
0
0
0
1 128 45
2 64 134 140 87
0
0
0
0
1 76 65
0
2 76 218 64 151
0
0
1 64 249
0
0
0
0
0
1 128 90
0
0
0
1 64 160
0
0
1 140 232
4 140 11 76 216 140 237 64 107
0
1 128 80
0
0
0
1 76 129
1 64 131
0
0
1 128 44
1 128 254
0
1 76 153
0
1 76 56
0
0
0
0
1 140 117
0
0
0
0
1 64 29
0
0
0
1 140 74
1 64 70
0
0
0
0
0
0
2 128 196 76 244
0
0
0
3 140 155 64 9 128 4
0
1 64 157
0
1 76 158
1 76 206
1 76 8
0
0
0
0
0
2 140 150 64 98
1 140 100
0
1 128 96
0
2 64 168 140 247
0
0
0
0
0
0
0
2 128 238 76 93
0
1 64 59
1 64 159
1 140 197
0
2 128 95 64 22
0
0
2 64 31 140 218
1 128 98
0
0
0
0
2 140 12 64 221
0
0
0
0
0
0
1 140 250
1 140 32
2 128 16 76 69
0
0
1 76 229
1 76 110
1 64 181
1 140 150
0
0
0
0
1 76 111
0
0
0
1 128 124
0
0
0
0
1 76 189
2 76 58 128 71
0
0
0
2 128 125 76 180
0
1 76 235
0
0
0
0
0
0
0
0
1 64 126
0
2 64 21 128 56
0
2 128 88 76 229
1 128 171
0
0
2 140 148 76 220
1 128 63
0
0
0
1 128 14
1 128 193
1 76 239
0
2 76 202 140 186
1 76 10
1 76 155
0
0
0
1 140 125
0
1 64 231
2 140 43 76 53
0
0
0
0
0
0
2 140 111 64 128
0
2 64 199 128 204
1 76 212
0
0
0
0
0
2 140 10 64 67
0
0
0
0
0
0
1 76 126
0
1 128 221
0
1 140 84
1 128 253
0
0
0
0
0
2 128 198 128 174
1 64 66
1 76 103
1 76 147
0
1 128 167
0
1 76 229
1 76 13
0
1 64 185
1 128 59
0
0
1 128 111
0
0
0
0
1 128 58
0
1 128 223
0
0
0
1 76 27
0
0
0
0
0
1 128 118
0
0
0
1 64 2
0
0
1 128 82
0
0
0
0
0
2 128 250 140 255
0
1 64 89
0
0
0
1 64 52
1 140 187
0
0
0
0
1 128 75
0
0
0
0
0
1 128 136
0
1 128 242
1 140 160
1 128 248
2 76 52 64 63
1 64 44
1 128 68
0
1 76 99
0
0
1 128 0
1 140 163
1 140 255
1 128 119
0
0
1 64 172
0
0
1 128 208
0
0
0
0
2 140 222 76 209
0
1 128 211
2 140 130 140 241
0
0
0
0
1 64 31
0
0
2 76 29 64 115
1 140 161
0
1 140 76
1 128 52
0
0
2 140 3 140 204
0
0
0
1 64 123
1 140 71
0
0
0
2 64 143 64 111
0
0
0
1 140 143
0
2 76 194 140 81
1 76 87
0
1 128 16
1 140 2
1 140 26
0
1 140 16
1 140 144
0
0
1 128 172
1 64 212
1 64 36
0
0
1 76 145
0
0
0
0
0
2 128 234 128 180
1 128 28
1 64 108
1 76 136
1 64 255
0
0
1 64 174
1 64 105
0
1 76 239
1 128 15
0
1 64 68
1 76 176
2 140 147 128 243
0
0
0
2 128 221 76 143
1 76 37
1 128 254
0
1 76 192
0
0
0
0
0
0
1 128 111
0
0
1 140 196
1 64 21
0
0
0
1 64 139
2 128 49 64 133
1 76 45
2 76 39 76 97
0
0
0
1 76 166
1 140 25
1 128 201
0
0
0
0
0
0
2 64 32 64 221
0
2 128 24 76 11
0
1 140 19
0
0
0
0
1 76 93
2 76 108 76 65
2 64 238 64 3
1 140 170
0
0
1 128 9
1 128 99
0
0
2 128 132 128 166
0
0
0
1 64 44
0
1 140 175
0
0
1 128 170
0
0
0
0
1 128 154
1 76 242
0
1 64 254
1 128 160
1 140 183
0
0
0
0
0
0
0
1 140 89
1 128 64
0
0
0
0
0
0
0
0
0
0
0
0
0
0
1 76 173
0
1 76 119
1 64 195
0
0
0
0
1 76 98
0
1 64 188
0
0
1 76 62
1 140 98
1 76 26
1 76 57
1 76 179
0
0
0
0
0
0
0
0
0
0
0
0
0
0
1 64 198
0
2 64 113 64 52
1 140 102
1 140 72
0
0
0
0
2 76 105 76 36
1 76 236
1 128 37
1 64 5
3 140 22 76 15 128 224
1 76 24
0
0
0
0
0
0
2 76 1 140 101
0
1 76 152
0
1 128 89
0
1 140 142
1 64 149
0
1 76 216
1 140 72
0
0
2 64 133 76 129
1 140 202
0
1 128 198
0
2 140 13 128 233
0
0
1 64 237
3 76 120 64 146 76 0
0
0
1 64 57
0
0
1 128 90
1 76 14
1 128 19
0
0
0
0
0
1 64 187
0
1 64 5
1 128 55
0
0
1 128 18
1 64 245
1 64 224
1 140 188
0
1 64 129
1 64 161
0
0
0
0
0
1 128 185
1 128 108
1 64 142
0
1 140 254
1 128 34
0
0
2 76 162 76 242
0
0
0
0
0
0
2 64 150 76 44
0
0
1 128 14
0
1 140 48
1 76 41
1 64 38
0
1 128 208
0
0
0
0
0
1 128 241
2 76 207 128 124
1 128 0
0
0
0
0
0
2 128 199 128 183
0
0
0
1 140 194
0
1 76 62
2 128 48 64 106
1 64 91
0
1 64 178
1 140 212
0
1 64 251
2 140 56 128 194
0
0
0
1 128 225
1 76 14
3 76 45 64 172 128 34
0
0
0
0
2 64 123 128 112
1 64 120
1 76 233
1 140 241
1 76 58
0
2 128 122 64 243
0
0
0
1 128 254
0
0
0
2 128 197 128 17
1 140 208
1 140 25
1 64 177
1 128 167
0
0
2 76 3 128 230
2 128 237 128 247
0
0
0
0
1 140 51
0
0
0
0
0
0
0
0
0
0
0
0
0
0
0
0
0
0
0
0
0
0
0
0
0
0
0
0
0
0
0
0
0
0
0
0
0
0
0
0
0
0
0
0
0
0
0
0
0
0
0
0
0
0
0
0
0
0
0
0
0
0
0
0
0
0
0
0
0
0
0
0
0
0
0
0
0
0
0
0
0
0
0
0
0
0
0
0
0
0
0
0
0
1 140 174
0
0
1 140 204
0
0
2 128 215 64 30
2 140 234 64 117
0
0
0
0
0
1 128 179
1 128 133
0
1 140 61
1 76 21
0
1 128 115
1 64 141
1 128 179
1 64 175
0
2 128 146 64 116
1 140 235
0
0
0
0
0
0
1 140 254
0
1 64 188
0
1 128 91
0
0
0
0
2 140 99 76 118
0
0
1 140 12
1 140 24
0
1 128 1
1 140 83
2 140 202 64 211
2 140 115 140 126
0
2 76 81 64 12
0
1 64 117
0
0
1 76 36
1 64 255
0
2 76 28 64 249
1 64 19
3 128 3 128 74 76 245
0
1 128 47
0
0
0
0
0
2 76 64 76 150
0
1 140 62
0
2 64 191 76 202
2 76 219 140 127
2 140 74 140 33
0
2 128 10 128 59
0
0
0
1 76 162
0
0
0
0
0
0
0
1 128 204
0
1 128 229
1 64 227
1 64 33
1 140 214
0
2 140 207 140 181
0
0
1 140 199
1 64 81
0
1 140 238
0
0
0
0
0
0
0
0
0
3 128 35 76 80 64 193
0
0
0
0
1 140 41
0
0
1 64 234
1 76 111
0
0
0
0
1 128 165
1 64 159
0
0
0
0
0
1 128 217
2 76 32 64 155
1 76 199
1 64 43
2 128 249 64 4
0
0
1 140 185
0
1 140 67
2 76 101 140 128
0
1 140 181
1 76 139
0
0
1 128 19
2 140 66 64 13
0
0
0
0
0
0
0
0
1 128 89
2 76 224 64 43
0
2 140 152 128 207
1 76 157
0
0
0
0
2 128 166 128 102
0
1 128 152
0
0
1 64 118
0
1 128 55
2 64 15 128 5
0
0
0
1 76 209
0
0
1 64 115
0
0
0
0
0
0
1 128 107
1 76 218
1 64 220
0
1 128 65
0
0
1 64 153
0
1 140 122
0
0
0
0
1 76 25
1 128 212
0
0
1 76 125
0
0
3 76 254 140 249 64 109
0
0
1 64 130
0
1 128 235
0
1 140 152
2 76 223 140 223
1 128 206
1 128 253
2 64 109 140 121
0
1 64 56
0
1 64 241
1 64 68
0
0
2 64 216 128 66
1 64 104
1 128 84
1 140 116
0
1 128 194
0
0
1 140 35
0
0
0
0
0
0
1 64 227
0
0
0
1 140 47
0
0
1 128 194
1 76 205
0
1 140 190
1 140 247
0
1 76 132
0
1 128 144
0
0
0
1 140 46
1 128 79
1 64 11
0
1 128 182
0
0
0
0
1 64 220
0
0
0
0
0
0
0
0
0
0
0
2 64 112 76 194
0
1 128 18
1 140 244
2 128 126 140 216
0
2 76 187 64 195
0
0
1 128 127
1 140 88
0
0
0
0
1 140 170
0
0
2 140 120 128 191
1 140 72
0
0
0
0
0
1 128 153
1 140 91
0
1 128 59
0
0
0
0
1 76 230
1 76 219
0
1 76 118
0
0
0
1 140 249
1 76 47
3 76 122 140 163 64 72
1 128 37
1 128 47
0
0
0
1 76 179
0
0
0
1 76 13
0
1 64 56
0
0
0
0
0
0
3 128 49 140 86 128 112
2 140 113 64 5
0
0
0
0
0
1 64 226
0
0
1 64 7
1 140 6
1 140 143
0
0
0
0
0
1 140 46
0
0
2 128 233 128 63
1 128 75
0
3 128 235 64 25 64 168
0
1 128 9
0
2 64 162 64 241
1 76 199
1 76 210
1 76 121
0
1 64 76
1 64 117
1 140 37
0
0
0
0
1 140 67
0
2 140 2 128 212
0
0
1 64 112
0
0
2 76 175 76 143
0
1 64 212
0
0
1 64 140
0
0
1 76 108
1 64 15
0
0
1 128 208
0
1 140 180
1 140 225
0
1 64 192
1 64 166
0
0
1 140 230
1 76 60
2 140 77 64 86
0
0
1 140 12
0
0
2 140 222 128 195
0
0
0
1 140 155
0
1 76 173
0
1 76 246
1 140 243
0
1 128 35
0
0
0
0
1 140 170
1 64 49
0
0
0
1 76 119
0
1 140 138
0
0
0
1 76 18
0
1 128 130
1 64 187
1 128 13
0
0
0
1 76 165
1 64 98
0
0
1 128 241
0
0
1 64 228
0
0
0
2 64 99 140 66
0
0
1 64 166
0
0
0
1 128 25
0
2 140 247 76 186
0
0
1 128 221
2 140 169 76 83
0
0
0
1 64 70
0
1 128 171
2 76 83 64 226
1 128 229
0
1 76 72
1 76 107
1 64 27
0
1 128 152
0
0
1 64 185
1 64 157
1 140 152
1 128 94
1 64 45
1 64 76
0
1 76 70
2 76 250 64 248
2 128 64 140 212
0
0
4 76 85 64 94 76 132 128 203
0
0
0
0
0
2 76 63 128 62
0
0
0
0
0
0
0
0
0
1 76 11
0
1 128 2
0
0
0
0
1 140 243
0
1 140 28
0
0
0
1 140 169
1 76 151
0
1 140 74
0
2 76 35 128 46
0
1 64 240
2 140 179 76 75
1 64 130
0
0
0
2 140 75 64 230
0
0
0
0
0
0
0
0
0
0
0
1 76 7
2 76 132 76 243
2 140 34 128 37
0
0
0
1 76 231
1 64 224
2 76 81 64 205
0
0
0
0
0
1 128 109
0
0
0
0
0
2 128 35 140 245
1 140 215
0
0
0
0
0
0
0
0
0
1 140 134
0
0
1 128 195
0
0
1 64 30
0
1 140 170
0
0
1 140 145
1 128 102
0
0
3 64 145 140 226 64 82
2 76 44 76 148
0
1 140 206
1 64 86
0
0
1 128 247
0
1 140 88
1 140 38
1 140 29
0
0
1 128 42
2 76 249 76 122
1 76 142
0
0
1 64 25
1 128 131
1 76 90
2 64 151 140 212
1 140 252
0
0
1 140 57
0
1 128 205
0
0
0
1 64 78
1 128 66
0
0
0
0
1 128 166
0
0
0
1 76 180
0
0
1 76 203
0
0
0
2 76 158 140 125
1 128 106
1 76 83
0
0
0
1 76 160
0
0
2 64 211 64 73
1 64 206
0
2 64 33 128 252
2 140 117 128 154
1 128 199
0
2 64 15 128 18
0
0
0
3 64 250 76 179 128 47
0
0
0
1 128 21
3 140 19 128 13 140 56
0
0
0
1 64 79
1 76 224
2 140 102 128 30
0
0
0
1 64 82
2 64 227 128 43
0
0
1 140 48
0
1 76 31
0
0
0
0
1 64 176
0
2 64 165 76 123
0
1 64 100
1 64 231
0
0
0
0
0
0
1 76 154
1 64 243
0
2 140 1 64 130
0
1 140 46
0
1 76 186
0
0
0
0
0
0
0
0
0
1 128 209
1 64 63
0
0
0
0
0
0
0
1 140 139
0
1 128 198
0
0
1 76 174
1 128 6
0
0
0
1 140 236
1 76 42
0
0
0
0
1 76 153
0
0
1 76 85
0
0
0
3 140 129 140 10 64 146
1 128 51
2 76 8 64 163
0
0
1 128 33
0
1 64 189
1 76 98
0
0
1 140 235
0
0
0
0
0
0
0
0
0
1 76 138
0
0
0
1 128 194
1 64 103
1 128 115
2 64 228 128 140
1 64 75
0
0
0
0
2 64 239 128 202
2 128 35 128 206
0
1 76 130
0
0
0
0
1 64 228
1 140 23
1 128 127
1 76 115
0
0
0
0
0
1 140 121
1 76 84
0
1 64 90
1 76 186
0
1 76 215
0
1 128 251
1 140 253
2 140 17 128 196
1 128 62
2 140 197 76 45
1 140 13
1 140 51
1 128 14
0
1 64 149
0
0
0
1 128 72
0
0
1 128 55
0
0
0
1 140 151
0
1 76 230
0
0
1 64 172
0
2 140 6 128 93
2 76 163 64 103
0
0
0
1 140 96
0
1 76 185
1 140 88
0
2 76 47 64 181
1 140 239
0
0
0
0
0
0
0
0
0
0
0
0
0
0
0
0
0
1 76 219
1 128 65
0
1 128 56
0
1 76 194
0
0
1 64 16
0
1 64 228
0
0
0
0
0
1 76 173
0
1 128 103
0
0
1 128 224
1 128 20
1 64 76
1 64 23
0
0
2 64 243 128 65
1 64 103
1 128 144
0
0
0
0
1 140 204
0
1 140 32
2 64 160 128 137
1 128 81
2 76 200 64 235
1 128 77
0
1 64 162
0
2 64 133 128 53
1 140 255
1 140 219
1 128 9
0
0
2 76 52 64 5
0
0
0
1 76 53
0
0
1 76 209
0
1 64 187
0
0
1 76 239
0
1 76 47
0
0
0
0
1 140 147
1 64 234
1 128 68
0
0
1 128 239
1 128 96
0
1 76 74
1 128 251
0
0
1 76 199
1 128 135
3 64 31 64 233 128 75
0
1 76 120
1 128 63
0
0
1 76 39
0
0
0
1 64 11
1 64 254
0
0
1 76 243
0
0
0
0
0
0
0
1 64 138
1 64 62
2 128 77 140 96
2 76 196 140 128
0
1 128 13
2 64 71 76 222
1 76 182
0
0
1 140 220
