261
1
46000
4 4
256
2 20 1
2 21 0
2 22 3
2 2 23
2 5 16
2 4 17
3 18 7 19
3 16 19 6
3 9 28 31
3 28 29 8
2 11 30
2 31 10
2 13 24
2 12 25
2 15 26
2 14 27
3 4 7 19
2 5 45
3 34 6 46
3 6 16 7
2 40 0
2 1 22
2 21 2
2 43 3
2 36 12
3 26 36 13
3 37 14 25
2 39 15
3 9 31 8
2 9 33
2 34 10
3 8 28 11
2 33 52
2 29 32
3 35 30 18
2 55 34
3 25 37 24
4 48 49 26 36
2 39 50
3 27 38 53
2 20 41
2 40 61
2 62 43
2 42 23
2 45 56
2 44 17
2 47 18
2 46 59
3 49 37 92
2 48 37
2 51 38
2 53 50
2 53 32
3 39 51 52
2 55 90
2 35 54
2 44 57
2 63 56
2 59 86
2 58 47
2 80 61
2 60 41
2 63 42
2 62 57
2 124 65
3 124 85 64
2 67 86
2 66 87
2 80 69
2 81 68
2 71 122
3 70 82 83
2 92 73
2 72 93
2 75 118
2 95 74
2 112 77
3 76 95 89
2 90 79
3 112 78 91
2 68 60
2 82 69
3 81 71 83
2 82 71
2 87 85
2 84 65
2 58 66
2 67 84
2 91 89
2 88 77
2 54 78
2 79 88
2 72 48
2 73 94
2 95 93
3 77 75 94
2 172 116
2 98 117
2 97 99
2 119 98
2 103 101
4 113 119 168 100
3 126 114 106
3 115 100 168
3 105 167 107
3 125 104 163
2 102 126
2 127 104
2 160 120
2 121 110
2 111 109
2 110 123
3 76 113 79
2 101 112
2 102 115
2 114 103
2 96 117
2 97 116
2 74 119
3 118 101 99
2 121 108
2 120 109
2 70 123
2 111 122
3 64 125 65
2 105 124
3 127 106 102
2 126 107
3 189 129 188
3 128 147 149
2 150 131
2 130 151
3 185 133 144
2 145 132
2 135 186
3 147 134 149
2 137 156
2 136 157
2 139 182
2 138 159
2 141 176
2 140 153
2 143 154
3 142 155 154
2 252 132
2 133 146
2 147 145
3 146 129 135
2 149 151
3 148 135 129
2 250 130
2 148 131
2 155 153
2 152 141
4 142 246 143 247
2 143 152
2 136 240
2 137 158
2 157 159
2 158 139
2 180 108
2 181 162
2 163 161
3 183 105 162
2 167 165
2 164 177
2 178 170
4 176 164 179 104
5 169 171 103 189 101
2 189 168
2 190 166
3 190 191 168
2 96 184
3 186 185 174
2 173 175
2 174 187
3 140 167 177
2 176 165
2 179 166
2 167 178
2 181 160
2 161 180
2 138 183
2 163 182
2 172 185
3 132 184 173
3 187 173 134
2 175 186
2 189 128
4 188 128 168 169
3 170 191 171
2 171 190
2 212 193
2 213 192
2 214 195
2 194 215
2 197 208
2 209 196
2 210 199
2 198 211
2 201 220
2 221 200
2 222 203
2 202 223
2 216 205
3 217 216 204
2 207 218
2 219 206
2 211 196
2 237 197
2 238 198
2 208 199
2 232 192
2 214 193
2 213 194
2 195 235
3 204 205 228
2 218 205
2 217 206
2 207 231
2 223 200
2 201 225
2 226 202
2 203 220
3 225 247 244
2 224 221
2 227 222
2 226 247
2 216 229
2 228 241
2 242 231
2 230 219
2 233 212
2 253 232
2 254 235
2 215 234
2 248 237
2 209 236
2 210 239
2 238 251
2 241 156
2 240 229
2 230 243
2 245 242
2 245 224
2 243 244
2 247 154
4 246 154 227 224
2 249 236
2 255 248
2 251 150
2 239 250
2 253 144
2 252 233
2 255 234
2 249 254
1000 2092
0
0
0
0
0
0
0
0
0
0
0
0
0
0
0
0
0
0
0
0
0
0
1 80 21
0
0
0
0
0
0
0
0
0
0
0
0
0
0
0
0
0
0
0
0
0
1 138 33
0
0
0
0
0
0
0
0
0
0
0
0
0
0
0
0
0
0
0
0
0
0
0
0
0
0
0
0
0
0
0
0
0
0
0
0
0
0
0
0
0
0
0
0
0
0
0
0
0
0
0
0
0
0
0
0
0
0
0
0
0
0
0
0
0
0
0
0
0
0
0
1 124 71
0
0
0
0
0
0
0
0
0
0
0
0
0
0
0
0
0
0
0
0
0
0
0
0
0
0
0
0
0
0
0
0
0
0
0
0
0
0
0
0
0
0
1 163 138
0
0
0
0
0
0
0
0
0
0
0
0
0
0
0
0
0
0
1 4 201
0
0
0
0
0
0
0
0
0
0
0
0
0
0
0
0
0
0
0
0
0
0
0
0
0
0
0
0
0
0
0
0
0
0
0
0
0
0
0
0
0
0
0
0
0
0
0
0
0
0
0
0
0
0
0
0
0
0
0
0
0
0
0
0
0
0
0
0
0
0
0
0
0
0
0
0
0
0
0
0
0
0
0
0
0
0
0
0
0
0
0
0
0
0
0
0
0
0
0
0
0
0
0
1 5 169
0
1 177 9
0
0
0
0
0
0
0
0
0
0
0
1 45 138
1 146 207
0
0
0
0
0
0
0
0
0
0
0
0
0
0
0
0
0
0
0
0
0
0
0
0
0
0
0
0
0
0
0
0
0
1 157 170
1 126 146
0
0
0
0
0
0
0
0
0
0
0
0
0
0
0
0
0
0
0
0
0
0
1 11 199
0
0
0
0
0
0
0
0
0
0
0
0
0
0
0
0
0
0
0
0
0
0
0
0
0
0
0
0
0
1 121 56
0
0
0
0
0
0
0
0
1 156 162
0
0
0
1 231 59
0
0
0
0
0
0
0
0
0
0
0
0
0
0
0
0
0
0
0
0
0
0
0
0
0
0
0
0
0
0
0
0
0
0
0
0
0
0
0
0
0
0
0
0
0
0
0
0
0
1 141 194
0
0
0
0
1 57 163
1 17 52
0
0
0
0
0
1 88 21
0
0
0
0
0
1 221 233
0
0
0
0
0
0
0
0
1 63 138
0
0
0
1 207 132
0
1 214 137
0
1 243 36
0
0
0
0
1 133 26
0
0
0
0
0
0
0
0
0
0
0
0
0
0
0
0
0
0
0
0
0
0
0
0
0
0
0
0
0
1 191 69
0
0
0
0
0
0
0
0
1 171 127
0
0
0
0
0
1 215 26
0
0
0
0
0
0
0
0
0
0
0
0
0
0
0
0
0
1 67 115
0
0
0
0
0
0
0
0
0
0
0
1 249 43
0
0
0
0
0
0
0
0
1 58 73
0
0
0
0
0
0
0
0
0
0
0
0
0
1 185 137
0
0
0
0
0
0
0
0
0
0
0
0
0
0
0
0
0
0
0
0
0
0
0
1 144 192
0
0
0
0
0
0
0
0
0
0
0
0
0
0
0
0
0
0
0
0
0
0
0
0
0
0
0
0
0
0
0
0
0
0
0
0
0
0
0
0
0
0
0
0
0
0
0
0
0
0
0
0
0
0
0
0
0
0
0
0
0
0
0
0
0
0
0
0
0
0
0
0
0
0
0
0
0
0
0
0
0
0
0
1 182 68
0
0
0
0
1 145 225
0
0
0
0
0
0
0
0
0
0
0
0
0
0
0
0
0
0
0
0
0
0
0
0
1 1 168
0
0
0
0
0
0
0
1 225 204
0
0
0
0
0
0
0
0
0
0
0
0
0
1 100 217
0
0
0
0
0
0
0
0
0
0
0
0
0
0
0
0
0
0
0
0
0
0
0
0
0
0
0
0
0
0
0
0
0
0
0
0
0
0
0
0
0
0
0
0
0
0
0
0
1 169 145
0
0
0
0
0
0
0
0
0
0
0
0
0
0
0
0
0
0
0
0
0
0
0
0
1 162 40
0
0
0
0
1 51 250
1 241 76
1 3 158
0
0
0
0
0
0
0
0
0
0
0
0
0
0
1 90 171
0
0
0
0
0
0
0
0
2 99 65 30 15
0
0
0
0
0
0
0
0
0
0
0
0
0
0
0
0
0
0
0
0
1 125 18
0
0
0
0
0
0
0
0
0
0
0
0
0
0
0
0
0
0
0
0
0
0
0
0
0
0
0
0
0
0
0
0
0
0
0
0
0
0
0
0
0
0
0
0
0
0
0
0
0
0
0
0
0
0
0
0
1 131 243
0
0
1 141 252
0
0
0
0
0
0
0
0
0
0
0
0
0
0
0
0
0
0
0
0
0
0
0
0
0
0
1 210 183
0
0
0
0
0
0
0
0
0
2 8 16 172 153
0
1 42 46
0
0
0
0
0
0
0
0
0
0
0
0
0
0
0
0
0
0
0
0
0
0
0
0
0
0
0
0
0
0
0
0
0
0
0
0
0
0
0
0
0
0
0
0
0
0
0
0
0
0
0
0
0
0
0
0
0
0
0
0
0
0
0
0
0
0
0
0
0
0
0
0
0
0
0
0
0
0
0
0
0
0
0
0
0
0
0
0
0
0
0
0
0
0
0
0
0
0
0
0
0
0
0
0
0
0
0
0
0
0
0
0
0
0
0
0
0
0
0
0
0
0
0
0
0
0
0
0
0
0
0
0
0
0
0
0
0
0
0
0
0
1 142 54
0
0
0
0
0
0
0
0
0
0
0
0
0
0
0
0
0
0
0
0
0
0
0
0
0
0
0
0
0
0
0
0
0
0
0
0
0
0
0
0
0
0
0
0
0
0
0
0
0
0
0
0
0
0
0
0
0
0
0
0
0
0
0
0
0
0
0
0
0
0
0
0
0
0
0
0
0
0
0
0
0
0
0
0
0
0
0
0
0
0
0
0
0
0
1 221 178
0
0
0
0
0
0
0
0
0
0
0
1 17 135
0
0
0
0
0
0
0
0
0
0
0
0
0
0
0
0
0
0
0
0
0
0
0
0
0
0
0
0
0
0
0
0
0
1 97 227
0
0
0
0
0
0
0
0
0
0
0
0
0
0
0
0
0
0
0
1 2 102
0
0
0
0
0
0
0
0
0
0
0
0
0
0
0
0
0
0
0
0
0
0
1 65 87
0
0
0
0
0
0
0
0
0
1 96 3
0
0
0
0
0
0
0
0
0
0
0
0
0
0
0
0
0
0
1 2 147
0
0
1 136 198
0
0
0
0
0
0
0
0
0
0
0
0
1 31 222
0
0
0
0
1 75 230
0
0
0
0
0
0
0
0
0
0
0
0
0
0
0
0
0
0
0
0
0
1 115 143
0
0
0
0
0
0
0
0
0
0
0
0
0
1 70 143
0
0
0
0
0
0
0
1 33 206
0
0
0
0
0
0
0
0
0
0
0
0
0
0
0
0
0
0
1 31 56
0
0
0
0
0
0
0
0
0
0
0
0
0
0
0
0
0
0
0
0
0
0
0
0
0
0
0
0
0
0
0
0
0
0
0
0
0
0
0
0
0
1 139 160
0
0
0
0
0
0
0
0
0
0
0
0
0
0
0
0
0
0
0
0
0
0
0
0
0
0
0
0
0
1 158 2
1 213 211
0
0
0
0
0
0
0
0
0
0
0
0
0
0
0
0
0
0
0
0
0
0
1 16 87
0
0
0
0
0
0
0
0
0
0
0
0
0
0
0
0
0
0
0
0
0
0
0
0
0
0
0
0
0
0
0
0
0
0
0
0
0
0
0
1 249 82
0
0
0
0
0
0
0
0
0
0
0
0
0
0
0
0
0
0
0
0
0
0
0
0
0
1 53 138
0
0
0
0
0
0
0
0
0
0
0
0
0
0
0
0
0
0
0
0
0
0
0
0
1 42 180
0
0
0
0
0
0
0
0
0
0
0
0
0
0
0
0
0
0
0
0
0
0
0
0
0
0
0
0
0
0
0
0
0
1 201 136
0
0
0
0
0
0
0
0
0
0
0
0
0
0
0
0
0
0
0
0
0
0
0
0
0
0
0
0
1 81 167
0
0
0
0
0
0
0
0
0
1 254 147
0
0
0
0
0
1 5 26
0
0
0
0
0
0
0
0
0
0
0
1 120 86
0
0
0
0
0
0
0
0
0
0
0
0
0
0
0
0
1 125 140
0
0
0
0
0
0
0
0
0
1 0 52
0
0
0
0
0
0
0
0
0
0
0
0
0
0
0
0
0
0
0
0
0
0
0
0
1 77 201
0
0
0
0
0
0
0
0
0
0
0
0
0
0
0
1 209 83
0
0
0
0
0
0
0
0
0
0
0
0
0
0
0
0
0
0
0
0
0
0
0
0
0
0
0
0
0
0
0
0
0
0
0
0
0
0
0
0
0
1 144 7
0
0
0
0
0
0
0
0
0
0
0
0
0
0
0
0
0
0
0
1 136 203
0
1 10 165
0
0
0
0
0
0
0
0
0
0
0
0
0
0
0
0
0
0
0
0
0
0
0
0
0
0
0
0
0
0
0
0
0
0
0
0
0
0
0
0
0
0
0
0
0
0
0
0
0
0
0
0
0
0
0
0
0
0
0
0
0
0
0
0
0
0
0
0
0
0
0
0
0
0
0
1 27 155
0
0
0
0
0
0
0
1 190 23
0
0
0
0
0
0
0
0
0
0
0
0
0
0
0
0
0
1 46 67
0
0
0
0
0
1 65 230
0
0
0
0
0
0
0
0
0
0
0
1 141 63
0
0
0
0
0
0
0
0
0
2 201 79 127 47
0
0
0
0
0
0
0
0
0
0
0
0
0
0
0
1 129 108
0
0
0
0
1 126 161
0
0
0
0
0
0
0
0
1 89 35
0
0
0
0
0
0
0
0
0
0
0
0
0
0
0
0
0
0
0
0
0
0
0
0
0
1 153 202
0
0
0
1 53 200
0
0
0
0
0
0
0
0
0
0
0
0
0
0
0
0
0
0
0
0
0
0
0
0
0
0
0
0
0
0
0
0
0
0
0
0
0
0
0
0
0
0
0
0
0
0
0
0
0
0
0
0
0
0
0
0
0
0
0
0
0
0
0
0
0
0
0
0
0
0
0
0
0
0
1 148 201
0
0
0
0
0
0
